332 -1 -1 -1 -1 0 1128 737 1342 861 
 1 1126 744 1341 868
 2 1126 744 1341 869
 3 1115 732 1331 859
 4 1112 731 1327 858
 5 1104 726 1317 853
 6 1105 724 1316 851
 7 1095 718 1304 844
 8 1093 716 1304 842
 9 1087 711 1296 837
 10 1084 712 1292 837
 11 1078 705 1287 832
 12 1076 702 1285 828
 13 1076 705 1285 830
 14 1075 706 1285 831
 15 1064 693 1272 819
 16 1059 694 1269 821
 17 1054 687 1263 812
 18 1056 687 1265 812
 19 1045 684 1257 810
 20 1043 683 1257 810
 21 1036 679 1250 805
 22 1037 679 1251 805
 23 1031 673 1246 801
 24 1028 674 1244 802
 25 1027 674 1243 801
 26 1028 674 1244 802
 27 1017 669 1233 797
 28 1014 671 1232 798
 29 1004 665 1223 792
 30 1003 664 1224 791
 31 995 662 1216 787
 32 996 662 1217 787
 33 993 658 1212 782
 34 993 660 1211 782
 35 987 653 1201 771
 36 988 655 1200 771
 37 988 655 1199 771
 38 988 656 1198 771
 39 979 648 1186 761
 40 979 648 1184 760
 41 971 645 1173 754
 42 972 645 1173 754
 43 966 642 1166 748
 44 963 641 1163 748
 45 958 637 1156 745
 46 959 638 1157 744
 47 953 637 1150 740
 48 954 635 1150 737
 49 956 635 1152 737
 50 954 638 1150 739
 51 947 625 1146 726
 52 941 625 1138 726
 53 937 623 1132 724
 54 935 621 1129 722
 55 931 618 1126 719
 56 927 619 1124 719
 57 920 615 1119 716
 58 919 613 1118 714
 59 914 611 1112 712
 60 915 609 1112 710
 61 913 610 1110 710
 62 913 610 1111 711
 63 909 602 1106 703
 64 905 604 1103 704
 65 897 598 1097 699
 66 895 600 1097 701
 67 889 594 1091 696
 68 888 596 1092 697
 69 880 591 1087 693
 70 878 593 1086 694
 71 873 590 1083 690
 72 872 592 1081 692
 73 872 592 1083 692
 74 870 592 1082 691
 75 861 584 1077 684
 76 859 587 1079 687
 77 848 582 1071 684
 78 850 583 1073 685
 79 841 579 1064 683
 80 841 579 1066 684
 81 838 574 1063 680
 82 835 576 1060 681
 83 828 572 1054 676
 84 830 573 1057 676
 85 816 568 1045 671
 86 814 567 1040 668
 87 815 567 1041 667
 88 816 569 1040 668
 89 809 564 1032 663
 90 807 564 1026 662
 91 802 564 1019 661
 92 800 561 1016 657
 93 794 563 1012 660
 94 793 561 1012 660
 95 789 561 1008 662
 96 788 562 1006 665
 97 777 553 993 659
 98 770 555 987 661
 99 769 556 986 663
 100 769 557 987 665
 101 761 551 979 661
 102 761 553 980 664
 103 754 550 973 663
 104 752 551 972 664
 105 747 546 967 662
 106 745 547 965 663
 107 739 546 958 663
 108 738 545 959 662
 109 727 540 945 658
 110 723 540 940 657
 111 721 542 937 657
 112 723 541 938 657
 113 719 537 930 653
 114 717 538 927 651
 115 711 534 918 644
 116 709 538 915 645
 117 703 535 908 641
 118 703 535 907 639
 119 698 533 901 635
 120 697 536 900 636
 121 682 530 884 629
 122 679 530 880 626
 123 679 531 880 626
 124 680 531 881 625
 125 672 528 873 620
 126 670 529 871 619
 127 665 526 865 616
 128 660 525 860 613
 129 654 525 854 612
 130 659 525 860 611
 131 651 525 851 610
 132 650 525 850 609
 133 639 522 838 607
 134 635 522 835 606
 135 635 521 836 605
 136 636 522 838 606
 137 626 518 828 602
 138 628 519 829 603
 139 621 517 823 602
 140 619 517 821 603
 141 614 514 814 600
 142 612 516 813 601
 143 607 512 809 598
 144 605 513 808 599
 145 594 510 795 597
 146 592 509 794 596
 147 591 509 794 595
 148 589 510 793 595
 149 585 507 788 592
 150 579 508 783 593
 151 574 507 778 591
 152 573 507 778 591
 153 565 505 770 588
 154 563 506 768 588
 155 555 504 759 586
 156 553 504 758 586
 157 535 501 740 583
 158 536 503 743 584
 159 536 503 743 584
 160 536 503 742 583
 161 526 501 733 582
 162 528 502 735 582
 163 521 502 728 583
 164 520 501 726 582
 165 513 499 719 580
 166 513 498 718 579
 167 505 498 707 579
 168 502 498 705 579
 169 496 494 695 576
 170 494 496 692 577
 171 492 497 690 578
 172 492 496 690 577
 173 490 494 685 576
 174 490 494 682 576
 175 488 495 677 576
 176 484 494 674 574
 177 478 493 667 573
 178 480 493 668 573
 179 473 493 659 574
 180 471 494 657 575
 181 463 491 644 573
 182 462 491 641 574
 183 462 491 639 574
 184 462 492 638 575
 185 460 490 632 574
 186 460 490 630 575
 187 459 489 624 574
 188 458 488 620 573
 189 455 487 613 573
 190 454 487 610 573
 191 448 486 602 573
 192 449 487 602 574
 193 429 482 581 566
 194 433 485 583 569
 195 431 485 580 569
 196 429 487 578 571
 197 424 483 572 564
 198 429 485 575 566
 199 422 486 565 566
 200 425 486 566 566
 201 424 489 560 573
 202 417 481 554 562
 203 417 485 550 570
 204 424 486 553 574
 205 378 479 511 564
 206 376 472 513 554
 207 373 478 512 559
 208 370 482 511 563
 209 364 473 507 553
 210 370 478 512 557
 211 353 482 497 561
 212 351 474 498 552
 213 279 515 421 602
 214 279 514 417 608
 215 278 511 414 613
 216 276 512 412 619
 217 274 496 414 606
 218 272 496 414 610
 219 270 498 415 615
 220 267 500 414 620
 221 263 497 412 623
 222 260 496 412 626
 223 256 495 411 628
 224 253 495 412 632
 225 250 494 413 634
 226 248 493 414 638
 227 244 491 415 639
 228 243 486 420 633
 229 235 483 418 628
 230 233 488 420 637
 231 229 485 419 633
 232 225 490 419 644
 233 220 487 416 641
 234 222 491 419 648
 235 216 488 415 645
 236 212 484 412 640
 237 203 475 414 619
 238 198 483 413 619
 239 184 478 404 603
 240 181 484 406 607
 241 175 486 400 608
 242 144 469 374 582
 243 126 472 361 577
 244 129 475 367 574
 245 125 477 362 571
 246 121 478 357 568
 247 114 480 348 568
 248 100 479 334 565
 249 98 481 330 566
 250 97 481 327 566
 251 92 481 320 565
 252 89 481 316 565
 253 68 482 292 565
 254 67 481 289 563
 255 67 482 287 563
 256 68 481 286 561
 257 65 481 282 561
 258 62 482 279 562
 259 53 483 271 561
 260 53 483 269 561
 261 45 485 262 562
 262 42 484 259 561
 263 35 483 253 559
 264 33 484 252 560
 265 13 485 231 560
 266 12 484 229 559
 267 11 484 227 558
 268 10 485 226 558
 269 5 487 221 560
 270 7 486 222 560
 271 3 486 217 560
 272 4 486 216 561
 273 2 486 212 561
 274 1 486 210 560
 275 -2 475 200 552
 276 -1 481 196 557
 277 -14 486 174 563
 278 -9 489 172 565
 279 -8 483 169 560
 280 -7 487 167 563
 281 -11 489 158 566
 282 -7 483 158 559
 283 -13 485 145 561
 284 -11 486 143 561
 285 -12 485 136 559
 286 -11 486 132 560
 287 -15 486 122 560
 288 -11 486 121 559
 289 -19 478 110 550
 290 -15 484 108 559
 291 -11 485 106 563
 292 -9 481 104 560
 293 -14 485 95 565
 294 -13 488 93 569
 295 -18 488 86 569
 296 -14 482 88 563
 297 -17 474 84 556
 298 -15 479 86 561
 299 -16 485 85 567
 300 -16 493 85 575
 301 -15 502 85 584
 302 -15 511 85 593
 303 -15 520 85 602
 304 11 574 108 661
 305 14 573 107 664
 306 14 571 105 666
 307 15 569 103 667
 308 17 568 102 669
 309 19 567 102 671
 310 20 566 101 673
 311 20 564 100 674
 312 21 564 99 676
 313 22 562 99 676
 314 22 562 98 678
 315 23 561 98 679
 316 23 560 97 679
 317 23 559 97 679
 318 24 560 97 681
 319 24 559 97 682
 320 24 559 96 682
 321 24 558 96 682
 322 24 559 96 684
 323 25 559 97 685
 324 25 559 97 686
 325 25 558 97 686
 326 25 557 98 685
 327 25 557 98 686
 328 25 558 98 687
 329 25 557 98 687
 330 25 557 98 688
 331 23 556 97 688
