491 -1 -1 -1 -1 0 1250 352 1433 434 
 1 1246 354 1431 433
 2 1246 356 1432 433
 3 1244 357 1430 432
 4 1244 357 1429 432
 5 1244 357 1429 432
 6 1245 358 1427 432
 7 1247 360 1429 434
 8 1242 358 1426 433
 9 1241 359 1425 434
 10 1244 358 1427 432
 11 1244 360 1429 434
 12 1244 361 1431 436
 13 1241 360 1428 435
 14 1234 359 1422 434
 15 1237 361 1424 436
 16 1238 359 1428 434
 17 1237 361 1424 435
 18 1234 358 1422 433
 19 1236 361 1425 436
 20 1236 361 1425 435
 21 1234 361 1424 436
 22 1231 359 1420 434
 23 1233 361 1422 436
 24 1231 361 1421 436
 25 1223 359 1414 434
 26 1222 361 1413 435
 27 1221 360 1411 435
 28 1220 360 1410 434
 29 1218 360 1408 434
 30 1219 361 1409 434
 31 1219 362 1408 435
 32 1218 360 1408 434
 33 1218 361 1408 434
 34 1219 362 1408 435
 35 1217 361 1406 434
 36 1218 361 1407 433
 37 1215 362 1404 434
 38 1214 360 1403 433
 39 1213 360 1401 432
 40 1214 361 1403 433
 41 1211 361 1399 433
 42 1211 361 1400 433
 43 1209 361 1398 434
 44 1208 361 1396 434
 45 1210 361 1398 434
 46 1208 361 1396 434
 47 1209 360 1396 433
 48 1209 361 1395 434
 49 1209 362 1396 434
 50 1207 363 1395 436
 51 1207 362 1394 435
 52 1206 363 1394 437
 53 1203 362 1391 436
 54 1203 363 1391 436
 55 1201 364 1389 437
 56 1199 364 1387 437
 57 1201 365 1389 438
 58 1201 364 1388 436
 59 1199 365 1385 437
 60 1199 367 1385 438
 61 1186 365 1373 436
 62 1186 363 1375 434
 63 1181 363 1372 435
 64 1183 362 1374 434
 65 1178 363 1369 434
 66 1179 364 1371 434
 67 1178 364 1370 434
 68 1182 367 1374 437
 69 1176 366 1366 435
 70 1180 365 1369 434
 71 1178 368 1368 437
 72 1174 366 1362 434
 73 1174 368 1363 437
 74 1168 366 1357 434
 75 1171 368 1362 436
 76 1164 366 1355 435
 77 1167 370 1359 439
 78 1162 367 1351 435
 79 1160 367 1351 435
 80 1162 366 1351 434
 81 1160 368 1351 435
 82 1159 368 1351 435
 83 1156 369 1347 436
 84 1161 371 1352 438
 85 1153 373 1344 440
 86 1154 374 1343 441
 87 1148 375 1339 442
 88 1143 371 1336 438
 89 1144 372 1338 440
 90 1143 375 1337 442
 91 1142 375 1336 443
 92 1141 373 1334 441
 93 1141 374 1334 442
 94 1138 370 1331 438
 95 1139 372 1332 441
 96 1138 373 1330 442
 97 1128 371 1320 440
 98 1131 372 1325 441
 99 1123 370 1318 439
 100 1129 372 1323 441
 101 1126 372 1321 442
 102 1122 370 1316 439
 103 1126 371 1319 441
 104 1124 372 1317 442
 105 1125 372 1318 441
 106 1119 370 1311 439
 107 1118 369 1311 438
 108 1117 368 1311 437
 109 1109 369 1304 439
 110 1110 370 1305 440
 111 1110 374 1306 444
 112 1108 372 1300 441
 113 1106 375 1301 445
 114 1107 375 1301 445
 115 1106 377 1299 447
 116 1101 372 1293 442
 117 1104 375 1297 446
 118 1105 375 1297 446
 119 1102 377 1294 448
 120 1097 373 1289 444
 121 1097 377 1289 449
 122 1097 377 1289 448
 123 1094 378 1286 449
 124 1091 374 1282 445
 125 1091 376 1282 448
 126 1091 377 1282 449
 127 1089 379 1279 450
 128 1084 374 1274 446
 129 1082 374 1271 446
 130 1083 374 1271 446
 131 1080 374 1269 447
 132 1078 374 1268 446
 133 1071 375 1261 447
 134 1076 379 1267 451
 135 1069 376 1260 448
 136 1067 375 1258 447
 137 1064 376 1255 448
 138 1070 378 1261 450
 139 1061 376 1251 448
 140 1066 378 1256 450
 141 1067 379 1258 451
 142 1061 376 1251 449
 143 1063 377 1253 450
 144 1066 378 1254 451
 145 1057 374 1241 448
 146 1061 376 1245 450
 147 1066 375 1246 449
 148 1060 374 1240 448
 149 1065 375 1244 448
 150 1064 374 1242 446
 151 1063 374 1238 445
 152 1066 374 1239 446
 153 1067 375 1238 446
 154 1068 375 1237 446
 155 1066 374 1234 445
 156 1067 373 1234 443
 157 1065 372 1232 443
 158 1065 372 1231 444
 159 1061 373 1228 444
 160 1058 371 1225 443
 161 1047 375 1220 448
 162 1048 375 1223 451
 163 1030 369 1212 444
 164 1029 376 1214 453
 165 1026 370 1214 447
 166 1026 376 1216 455
 167 1020 381 1210 461
 168 1021 372 1215 454
 169 1008 378 1201 462
 170 1012 382 1206 466
 171 1009 381 1206 467
 172 1010 380 1209 467
 173 1007 381 1207 468
 174 1007 382 1210 469
 175 1004 382 1207 468
 176 1003 381 1206 468
 177 1003 380 1206 468
 178 1003 380 1206 469
 179 996 380 1197 469
 180 993 377 1190 467
 181 985 378 1182 467
 182 987 382 1183 470
 183 983 383 1176 472
 184 982 384 1174 472
 185 979 385 1170 472
 186 979 386 1169 472
 187 977 386 1167 472
 188 978 387 1168 472
 189 979 387 1170 472
 190 978 387 1169 472
 191 974 386 1164 472
 192 975 386 1164 472
 193 968 387 1157 475
 194 968 388 1158 475
 195 962 388 1154 476
 196 963 389 1155 477
 197 960 390 1153 478
 198 959 389 1151 478
 199 956 390 1147 479
 200 958 390 1148 479
 201 958 388 1146 477
 202 957 389 1146 478
 203 955 390 1144 479
 204 953 391 1141 480
 205 947 391 1135 481
 206 944 394 1131 483
 207 941 394 1128 484
 208 940 394 1127 484
 209 935 395 1121 486
 210 936 394 1121 486
 211 932 394 1116 486
 212 932 394 1115 487
 213 931 394 1113 487
 214 931 395 1113 487
 215 932 397 1113 488
 216 930 396 1111 488
 217 926 398 1106 490
 218 924 400 1104 491
 219 920 400 1101 492
 220 920 401 1102 492
 221 916 400 1098 492
 222 915 402 1097 493
 223 912 404 1095 494
 224 911 405 1093 494
 225 911 405 1093 494
 226 913 405 1094 493
 227 910 407 1091 495
 228 909 407 1089 495
 229 904 409 1083 497
 230 902 411 1080 498
 231 901 412 1078 498
 232 902 411 1077 497
 233 898 413 1074 500
 234 898 414 1075 500
 235 895 415 1071 501
 236 896 415 1071 501
 237 895 415 1069 501
 238 898 414 1071 500
 239 893 415 1066 501
 240 893 415 1067 501
 241 886 416 1060 504
 242 886 415 1060 505
 243 882 416 1054 507
 244 883 414 1055 506
 245 881 414 1052 506
 246 881 416 1052 507
 247 879 414 1050 507
 248 878 414 1048 508
 249 878 415 1048 509
 250 879 415 1049 509
 251 877 415 1046 510
 252 875 414 1045 510
 253 869 416 1040 512
 254 870 417 1040 514
 255 864 416 1034 515
 256 866 416 1035 514
 257 862 417 1030 516
 258 864 417 1032 515
 259 858 418 1026 517
 260 858 419 1028 518
 261 859 419 1029 517
 262 859 419 1029 517
 263 855 419 1023 517
 264 856 420 1024 518
 265 849 423 1017 522
 266 851 425 1017 523
 267 848 427 1013 526
 268 850 427 1015 526
 269 845 430 1008 529
 270 845 430 1008 528
 271 843 433 1004 530
 272 842 434 1002 531
 273 843 436 1003 532
 274 842 436 1003 532
 275 841 439 1002 534
 276 840 440 1000 535
 277 834 442 994 537
 278 834 442 993 537
 279 832 443 989 538
 280 830 444 987 539
 281 828 444 984 540
 282 827 444 983 541
 283 826 442 981 540
 284 825 443 979 542
 285 826 442 980 541
 286 826 442 980 541
 287 821 442 975 542
 288 823 445 976 544
 289 817 446 970 546
 290 818 447 971 547
 291 816 448 969 548
 292 816 444 967 550
 293 816 443 964 553
 294 818 442 964 555
 295 814 446 960 559
 296 813 446 959 560
 297 814 443 960 558
 298 813 445 960 560
 299 812 447 959 563
 300 810 444 958 561
 301 809 450 956 568
 302 808 450 955 567
 303 805 453 952 570
 304 806 452 953 569
 305 802 454 948 572
 306 804 452 950 572
 307 802 455 947 575
 308 802 456 947 576
 309 801 455 946 575
 310 802 455 946 575
 311 799 459 943 580
 312 798 458 942 579
 313 798 460 940 583
 314 798 460 940 583
 315 797 461 938 586
 316 797 462 938 587
 317 794 464 934 589
 318 794 463 933 589
 319 792 465 930 591
 320 793 465 931 591
 321 793 469 931 594
 322 791 468 929 593
 323 792 470 929 594
 324 790 471 927 595
 325 788 475 924 600
 326 788 477 923 602
 327 789 479 923 604
 328 788 477 921 603
 329 787 479 919 606
 330 787 482 919 609
 331 787 481 917 610
 332 788 483 917 612
 333 785 479 915 609
 334 786 480 917 610
 335 785 483 915 613
 336 785 484 914 614
 337 783 485 910 617
 338 784 487 911 619
 339 782 492 908 625
 340 782 493 908 626
 341 782 492 906 625
 342 783 494 907 626
 343 781 494 904 628
 344 782 495 904 630
 345 783 495 905 629
 346 783 495 903 631
 347 782 496 902 632
 348 781 498 900 635
 349 782 501 900 640
 350 780 500 898 640
 351 781 502 899 644
 352 781 502 898 644
 353 782 505 898 649
 354 781 504 897 649
 355 782 508 898 655
 356 781 506 897 653
 357 781 506 897 654
 358 782 506 898 654
 359 782 508 898 656
 360 781 509 897 658
 361 781 511 898 661
 362 780 513 898 664
 363 778 513 896 665
 364 778 516 896 669
 365 778 518 897 673
 366 778 520 896 676
 367 776 522 894 678
 368 778 525 897 681
 369 777 523 896 680
 370 776 525 896 682
 371 778 527 898 685
 372 778 526 898 684
 373 779 541 899 698
 374 777 536 896 693
 375 777 537 897 695
 376 778 538 897 697
 377 780 542 897 702
 378 779 543 896 703
 379 781 543 897 705
 380 781 545 896 707
 381 782 547 898 709
 382 780 546 896 707
 383 781 550 897 712
 384 782 550 898 713
 385 784 557 899 721
 386 784 559 899 723
 387 784 564 899 729
 388 785 564 900 730
 389 785 567 901 735
 390 787 569 902 738
 391 787 570 902 741
 392 787 571 903 742
 393 787 572 903 742
 394 786 570 903 739
 395 789 575 906 746
 396 786 576 903 747
 397 792 587 909 759
 398 790 583 909 755
 399 791 594 911 765
 400 788 591 910 762
 401 792 599 914 771
 402 789 597 911 770
 403 794 608 914 783
 404 795 603 914 776
 405 796 607 915 780
 406 794 604 913 777
 407 798 613 917 787
 408 795 610 915 784
 409 800 624 920 798
 410 799 622 920 796
 411 801 630 923 802
 412 802 628 923 801
 413 806 638 927 811
 414 804 636 925 808
 415 808 646 930 818
 416 809 643 931 814
 417 803 652 927 818
 418 799 658 927 820
 419 799 667 930 825
 420 798 670 933 827
 421 799 689 938 844
 422 800 688 940 844
 423 800 692 942 849
 424 801 692 944 851
 425 801 697 946 857
 426 803 699 947 859
 427 804 703 950 866
 428 805 705 951 867
 429 805 706 952 866
 430 806 708 953 867
 431 808 712 955 873
 432 808 713 956 873
 433 811 716 961 875
 434 811 719 962 879
 435 813 721 965 879
 436 815 723 968 879
 437 815 725 970 879
 438 817 727 973 879
 439 818 728 974 881
 440 819 728 976 881
 441 819 729 976 882
 442 820 728 977 880
 443 820 729 978 880
 444 820 729 978 879
 445 821 729 980 877
 446 820 729 979 876
 447 823 726 980 874
 448 836 741 995 887
 449 834 738 993 883
 450 832 735 990 880
 451 834 734 991 880
 452 836 734 991 881
 453 836 735 990 881
 454 836 736 991 882
 455 839 737 993 883
 456 841 738 994 884
 457 844 741 998 885
 458 845 742 999 885
 459 847 746 1002 888
 460 860 748 1014 889
 461 855 752 1009 892
 462 854 753 1008 892
 463 853 757 1007 896
 464 853 758 1008 895
 465 853 758 1008 894
 466 853 759 1008 894
 467 857 761 1012 895
 468 857 762 1012 895
 469 853 768 1009 899
 470 852 769 1008 898
 471 865 773 1022 900
 472 861 774 1019 899
 473 860 775 1019 899
 474 873 779 1032 901
 475 865 781 1025 902
 476 861 782 1021 901
 477 872 784 1032 902
 478 867 785 1028 902
 479 880 785 1041 902
 480 875 785 1036 901
 481 870 787 1031 903
 482 887 789 1048 904
 483 883 790 1044 905
 484 879 791 1040 906
 485 871 789 1032 904
 486 867 786 1028 901
 487 862 779 1023 894
 488 857 773 1019 888
 489 856 770 1018 885
 490 855 769 1017 884
