588 -1 -1 -1 -1 0 1279 704 1521 841 
 1 1286 710 1517 843
 2 1287 713 1511 844
 3 1278 705 1492 833
 4 1279 704 1490 831
 5 1249 685 1454 810
 6 1248 683 1452 807
 7 1230 675 1426 794
 8 1232 673 1427 791
 9 1222 666 1414 784
 10 1222 666 1416 782
 11 1207 659 1392 770
 12 1204 664 1392 773
 13 1206 661 1394 771
 14 1204 662 1388 769
 15 1191 652 1372 758
 16 1192 654 1371 759
 17 1164 634 1343 739
 18 1162 635 1340 739
 19 1151 630 1326 731
 20 1149 630 1325 730
 21 1136 621 1311 720
 22 1135 621 1311 720
 23 1127 610 1303 709
 24 1120 613 1298 712
 25 1118 610 1297 710
 26 1120 612 1298 711
 27 1113 606 1288 704
 28 1110 605 1288 702
 29 1081 587 1259 684
 30 1078 587 1258 684
 31 1067 579 1248 675
 32 1063 580 1244 676
 33 1051 570 1227 664
 34 1054 572 1231 665
 35 1041 566 1217 661
 36 1042 567 1217 661
 37 1041 566 1216 661
 38 1042 566 1216 661
 39 1029 559 1204 653
 40 1031 558 1207 653
 41 1009 544 1187 639
 42 1007 543 1183 637
 43 996 535 1170 629
 44 998 538 1174 633
 45 985 529 1159 623
 46 989 530 1161 625
 47 975 522 1146 616
 48 978 523 1147 617
 49 978 522 1143 616
 50 979 523 1144 617
 51 966 515 1131 607
 52 968 517 1130 608
 53 944 503 1104 595
 54 948 502 1104 594
 55 940 498 1094 589
 56 939 497 1094 589
 57 928 489 1083 581
 58 928 490 1085 583
 59 917 483 1073 575
 60 917 484 1074 577
 61 918 484 1075 577
 62 917 483 1075 577
 63 907 478 1065 571
 64 906 476 1061 567
 65 887 464 1043 556
 66 889 464 1043 556
 67 881 458 1035 553
 68 879 455 1031 549
 69 872 448 1022 544
 70 875 449 1023 547
 71 866 444 1016 543
 72 864 443 1014 542
 73 865 443 1015 543
 74 861 440 1009 542
 75 855 434 1003 536
 76 854 437 1004 534
 77 832 430 980 524
 78 839 429 985 524
 79 832 425 979 520
 80 829 423 977 519
 81 825 418 972 514
 82 825 415 970 512
 83 818 408 963 506
 84 811 413 957 508
 85 815 415 960 511
 86 814 410 960 507
 87 809 402 954 500
 88 808 406 953 504
 89 789 396 931 490
 90 792 400 935 492
 91 790 387 930 482
 92 790 388 928 484
 93 774 391 913 482
 94 773 394 913 482
 95 764 393 904 478
 96 765 393 905 476
 97 762 394 901 475
 98 766 396 905 475
 99 755 392 893 471
 100 759 391 896 469
 101 734 381 872 458
 102 736 382 872 459
 103 739 375 872 456
 104 739 372 870 456
 105 729 366 858 452
 106 730 365 860 453
 107 722 360 851 449
 108 722 361 852 451
 109 722 360 852 451
 110 722 359 852 451
 111 707 360 841 447
 112 707 361 844 444
 113 703 353 841 434
 114 706 353 841 438
 115 699 351 839 432
 116 695 353 837 431
 117 692 349 837 426
 118 684 352 828 427
 119 684 348 828 422
 120 682 346 826 420
 121 682 349 824 422
 122 684 349 825 422
 123 680 346 821 419
 124 674 346 813 418
 125 661 340 799 412
 126 660 337 799 409
 127 649 333 790 405
 128 651 337 790 408
 129 641 331 783 402
 130 642 334 784 404
 131 641 329 782 400
 132 641 330 779 401
 133 639 326 778 398
 134 641 330 780 402
 135 638 324 777 396
 136 637 328 775 399
 137 634 320 768 391
 138 633 316 767 388
 139 622 311 757 384
 140 624 315 758 386
 141 623 309 756 381
 142 620 306 753 378
 143 613 302 745 374
 144 614 307 746 378
 145 614 302 747 374
 146 614 308 746 379
 147 607 302 739 374
 148 608 297 741 370
 149 596 292 728 366
 150 599 296 728 370
 151 593 291 724 365
 152 592 294 723 368
 153 588 287 718 361
 154 588 290 717 364
 155 584 284 714 358
 156 584 288 712 361
 157 584 291 711 364
 158 588 285 714 358
 159 584 286 707 358
 160 581 288 703 360
 161 575 278 696 350
 162 575 281 696 352
 163 570 275 692 346
 164 566 276 688 346
 165 564 271 686 341
 166 563 274 684 344
 167 558 268 679 338
 168 558 271 679 340
 169 558 265 680 335
 170 559 270 680 340
 171 554 265 675 335
 172 554 269 675 338
 173 545 262 666 331
 174 543 256 666 327
 175 539 258 661 328
 176 537 253 661 324
 177 535 246 656 323
 178 534 248 657 324
 179 526 242 651 319
 180 526 245 652 321
 181 526 247 653 322
 182 526 248 652 322
 183 521 240 648 316
 184 520 242 648 318
 185 505 233 635 310
 186 504 235 637 312
 187 503 236 635 312
 188 502 236 634 311
 189 500 235 631 310
 190 498 234 629 309
 191 494 232 624 306
 192 495 233 625 306
 193 495 233 624 305
 194 496 233 625 305
 195 495 233 622 304
 196 492 232 618 303
 197 485 223 610 295
 198 489 227 613 299
 199 488 218 607 295
 200 475 220 599 295
 201 473 220 599 294
 202 473 221 600 294
 203 461 219 591 291
 204 462 220 594 291
 205 463 218 595 290
 206 464 219 596 291
 207 454 217 589 288
 208 455 216 591 288
 209 442 204 581 278
 210 440 205 582 281
 211 438 204 579 280
 212 435 204 577 281
 213 433 204 576 280
 214 431 203 574 280
 215 429 201 572 278
 216 426 200 570 277
 217 425 199 570 277
 218 422 198 568 276
 219 420 197 566 275
 220 419 197 566 275
 221 412 184 560 263
 222 410 185 559 265
 223 408 185 557 265
 224 405 185 555 266
 225 401 184 552 265
 226 400 185 552 266
 227 397 184 549 265
 228 395 183 547 264
 229 403 182 554 264
 230 399 181 551 263
 231 396 180 547 262
 232 392 179 544 261
 233 383 167 536 249
 234 388 169 541 252
 235 382 169 535 252
 236 386 170 538 253
 237 378 169 530 252
 238 382 170 532 253
 239 378 168 529 251
 240 382 168 531 251
 241 376 167 525 250
 242 382 168 532 251
 243 375 167 525 250
 244 370 164 521 247
 245 366 163 517 246
 246 361 160 513 243
 247 356 158 510 241
 248 363 160 517 243
 249 346 158 501 240
 250 355 157 510 239
 251 349 155 504 237
 252 346 154 502 236
 253 343 154 499 236
 254 341 154 498 236
 255 348 154 504 236
 256 343 153 499 235
 257 338 151 493 233
 258 332 150 488 232
 259 327 149 483 231
 260 325 147 482 229
 261 332 145 489 227
 262 326 145 484 227
 263 321 144 478 226
 264 316 142 474 224
 265 326 141 483 224
 266 321 140 478 223
 267 316 139 474 222
 268 313 138 471 221
 269 309 137 467 220
 270 307 136 465 219
 271 303 134 461 217
 272 312 133 470 216
 273 307 132 464 215
 274 301 131 459 214
 275 297 130 455 213
 276 291 119 450 202
 277 299 122 458 205
 278 308 135 465 217
 279 300 133 456 215
 280 308 131 463 213
 281 289 119 444 200
 282 294 120 450 201
 283 288 119 443 200
 284 283 120 439 201
 285 289 119 443 200
 286 284 118 439 199
 287 290 117 442 197
 288 286 118 439 198
 289 293 117 444 197
 290 286 117 438 197
 291 291 116 441 196
 292 285 116 435 196
 293 281 115 430 195
 294 286 116 433 195
 295 282 115 429 194
 296 280 114 427 193
 297 286 113 432 192
 298 282 112 428 191
 299 278 110 425 189
 300 285 109 431 188
 301 279 107 426 187
 302 283 107 428 187
 303 277 106 423 186
 304 282 106 426 186
 305 275 104 419 185
 306 269 102 415 183
 307 266 101 412 181
 308 273 101 419 182
 309 267 100 412 180
 310 272 100 417 180
 311 267 100 411 179
 312 263 99 407 177
 313 271 100 416 179
 314 266 99 410 177
 315 271 99 415 177
 316 265 99 409 177
 317 260 98 403 176
 318 257 97 400 175
 319 261 96 403 174
 320 256 95 398 173
 321 252 95 394 173
 322 259 95 401 174
 323 253 95 395 174
 324 250 94 392 172
 325 257 94 399 173
 326 252 95 394 174
 327 248 94 391 172
 328 252 93 394 171
 329 249 92 390 170
 330 245 91 388 169
 331 242 91 385 169
 332 247 92 389 169
 333 243 91 385 168
 334 239 90 381 167
 335 248 91 391 168
 336 242 90 384 167
 337 240 90 383 167
 338 246 89 388 166
 339 239 88 381 165
 340 246 88 387 164
 341 240 87 381 164
 342 246 86 387 163
 343 240 85 381 162
 344 236 86 377 163
 345 231 83 372 160
 346 149 29 292 105
 347 147 30 290 105
 348 146 29 290 104
 349 145 29 290 104
 350 145 28 290 103
 351 144 28 290 103
 352 143 27 290 102
 353 143 27 290 101
 354 142 27 289 101
 355 142 27 290 101
 356 142 27 290 101
 357 142 28 290 102
 358 142 28 290 103
 359 143 28 291 103
 360 143 20 291 95
 361 140 21 288 96
 362 138 22 285 97
 363 138 22 285 96
 364 137 23 285 97
 365 137 23 285 97
 366 137 22 285 96
 367 135 23 284 96
 368 133 23 282 96
 369 131 23 280 95
 370 131 23 281 95
 371 130 23 280 95
 372 130 22 280 94
 373 129 23 279 95
 374 129 23 280 95
 375 133 16 284 88
 376 131 19 282 91
 377 127 19 278 91
 378 125 19 276 91
 379 124 19 275 91
 380 124 20 275 92
 381 124 20 275 92
 382 129 13 280 85
 383 127 16 278 88
 384 114 18 265 89
 385 125 19 276 90
 386 124 19 275 90
 387 126 12 277 83
 388 115 15 266 86
 389 117 15 268 86
 390 118 15 269 86
 391 122 9 273 80
 392 114 12 265 83
 393 116 13 267 84
 394 118 13 268 84
 395 119 14 269 85
 396 123 7 274 78
 397 113 11 264 82
 398 116 12 267 83
 399 118 12 268 82
 400 109 13 259 83
 401 115 6 265 76
 402 115 10 265 80
 403 106 10 256 80
 404 112 11 262 81
 405 113 12 263 82
 406 115 5 265 75
 407 107 9 256 79
 408 112 10 262 80
 409 79 55 225 129
 410 78 59 220 138
 411 85 62 223 145
 412 82 53 219 138
 413 80 57 215 145
 414 80 62 213 153
 415 89 52 221 144
 416 87 56 216 151
 417 84 61 212 158
 418 94 62 224 157
 419 90 65 222 158
 420 85 65 218 157
 421 83 57 215 151
 422 93 71 225 164
 423 86 71 220 162
 424 81 71 215 161
 425 91 71 227 160
 426 87 71 224 158
 427 83 71 223 157
 428 79 72 221 157
 429 90 71 232 156
 430 84 71 227 156
 431 80 71 225 156
 432 90 71 235 156
 433 83 70 229 156
 434 80 71 227 157
 435 91 72 238 157
 436 86 71 233 156
 437 83 73 231 158
 438 82 74 231 158
 439 82 74 233 158
 440 83 75 234 159
 441 96 75 247 159
 442 94 76 244 160
 443 92 76 241 160
 444 103 76 251 160
 445 99 78 245 161
 446 95 78 239 160
 447 106 81 248 162
 448 103 81 243 162
 449 101 82 241 163
 450 112 83 249 164
 451 107 83 243 164
 452 103 83 239 164
 453 112 84 246 165
 454 109 83 242 164
 455 107 84 242 166
 456 114 83 247 165
 457 111 85 243 167
 458 105 84 238 166
 459 112 85 246 168
 460 107 86 242 169
 461 114 87 248 170
 462 111 88 246 171
 463 107 89 244 172
 464 113 89 249 172
 465 111 91 249 174
 466 119 91 254 174
 467 115 91 250 174
 468 113 91 248 174
 469 111 92 248 175
 470 109 91 248 174
 471 108 91 249 174
 472 106 92 248 175
 473 116 93 257 176
 474 112 93 253 177
 475 113 94 254 178
 476 113 95 254 179
 477 113 98 255 181
 478 113 99 256 182
 479 114 102 258 185
 480 115 101 261 183
 481 116 102 262 184
 482 117 102 263 184
 483 128 102 270 184
 484 138 105 276 187
 485 135 105 271 188
 486 144 107 278 191
 487 143 110 276 193
 488 142 109 274 192
 489 153 112 284 195
 490 151 113 281 196
 491 153 115 282 197
 492 153 116 281 197
 493 154 117 281 198
 494 154 117 280 198
 495 154 118 280 198
 496 155 118 280 198
 497 164 121 287 201
 498 162 122 283 202
 499 160 123 282 203
 500 159 124 280 204
 501 167 124 287 203
 502 165 125 285 204
 503 163 126 283 205
 504 174 126 293 205
 505 171 127 290 205
 506 167 127 286 205
 507 166 128 285 206
 508 164 128 284 206
 509 174 129 294 207
 510 173 131 292 209
 511 170 132 290 210
 512 169 131 289 209
 513 180 133 300 211
 514 191 129 308 210
 515 177 132 296 213
 516 175 132 295 213
 517 173 133 294 213
 518 172 133 293 213
 519 183 135 304 215
 520 195 136 315 216
 521 197 138 314 220
 522 195 135 311 219
 523 198 137 313 223
 524 197 135 312 222
 525 198 139 315 224
 526 199 141 316 224
 527 199 141 316 223
 528 200 142 317 224
 529 211 141 325 225
 530 200 142 315 224
 531 213 144 325 228
 532 212 142 322 227
 533 217 145 326 231
 534 218 142 325 230
 535 221 146 327 235
 536 222 143 327 233
 537 225 145 330 235
 538 226 144 329 234
 539 228 147 331 237
 540 228 146 330 237
 541 230 147 331 238
 542 229 146 330 237
 543 232 146 332 237
 544 232 149 332 239
 545 236 152 337 242
 546 236 152 337 242
 547 237 153 338 244
 548 238 153 339 244
 549 239 155 340 246
 550 239 151 340 243
 551 240 154 342 246
 552 240 156 342 248
 553 241 155 343 248
 554 241 156 343 249
 555 243 157 346 250
 556 244 158 347 251
 557 249 161 352 254
 558 249 161 352 254
 559 251 163 354 256
 560 251 163 354 256
 561 253 164 357 257
 562 253 161 357 255
 563 255 166 359 260
 564 255 163 359 258
 565 256 166 361 261
 566 255 162 360 258
 567 258 167 363 261
 568 257 165 362 260
 569 261 170 366 265
 570 262 171 367 266
 571 264 174 369 269
 572 265 171 370 266
 573 267 175 372 270
 574 268 175 372 269
 575 269 179 373 273
 576 269 176 373 270
 577 268 178 372 272
 578 270 177 374 271
 579 272 182 376 275
 580 272 178 376 272
 581 276 183 381 277
 582 277 183 382 277
 583 280 187 385 281
 584 280 184 385 279
 585 282 189 387 283
 586 282 186 388 281
 587 283 189 389 283
