419 -1 -1 -1 -1 0 1627 334 1770 394 
 1 1614 332 1758 390
 2 1607 334 1752 390
 3 1608 335 1755 391
 4 1607 334 1755 390
 5 1599 335 1745 391
 6 1600 335 1746 391
 7 1587 339 1731 394
 8 1588 338 1731 394
 9 1588 338 1731 394
 10 1588 338 1731 394
 11 1584 340 1726 395
 12 1585 341 1727 396
 13 1572 341 1713 395
 14 1567 342 1706 396
 15 1566 343 1706 396
 16 1564 346 1702 399
 17 1565 346 1702 398
 18 1554 345 1685 397
 19 1555 347 1687 399
 20 1553 346 1683 398
 21 1551 346 1681 397
 22 1547 346 1673 397
 23 1551 350 1677 401
 24 1546 350 1670 403
 25 1545 348 1669 402
 26 1541 350 1664 404
 27 1538 350 1661 405
 28 1535 350 1657 405
 29 1534 350 1655 405
 30 1527 350 1644 406
 31 1524 350 1640 406
 32 1522 350 1639 406
 33 1520 350 1638 406
 34 1518 350 1636 405
 35 1516 350 1634 404
 36 1512 353 1627 406
 37 1508 353 1624 406
 38 1504 355 1621 407
 39 1501 355 1620 407
 40 1494 357 1614 409
 41 1495 350 1615 400
 42 1490 353 1610 403
 43 1447 355 1565 405
 44 1439 357 1556 407
 45 1441 358 1557 408
 46 1435 360 1551 409
 47 1437 361 1552 410
 48 1433 361 1549 410
 49 1438 361 1553 410
 50 1429 361 1544 411
 51 1422 362 1537 412
 52 1414 363 1529 413
 53 1416 364 1532 414
 54 1410 364 1526 414
 55 1401 366 1516 416
 56 1401 367 1516 418
 57 1394 367 1509 418
 58 1394 366 1510 417
 59 1396 366 1512 417
 60 1398 365 1513 417
 61 1387 367 1503 418
 62 1383 368 1501 419
 63 1379 369 1499 420
 64 1374 369 1496 420
 65 1372 368 1494 420
 66 1368 369 1494 421
 67 1365 369 1495 421
 68 1362 370 1495 422
 69 1355 368 1491 420
 70 1354 368 1491 421
 71 1350 371 1488 424
 72 1346 370 1483 423
 73 1338 371 1477 424
 74 1336 372 1475 425
 75 1328 373 1469 426
 76 1327 374 1469 427
 77 1321 374 1465 428
 78 1321 374 1466 428
 79 1304 373 1451 429
 80 1303 374 1451 430
 81 1304 376 1454 433
 82 1302 374 1454 432
 83 1299 376 1450 434
 84 1293 374 1445 433
 85 1293 377 1445 435
 86 1292 377 1444 436
 87 1279 377 1431 436
 88 1282 377 1434 435
 89 1278 381 1430 439
 90 1281 379 1434 438
 91 1264 381 1413 441
 92 1264 381 1415 441
 93 1263 380 1415 440
 94 1259 378 1411 439
 95 1251 379 1402 440
 96 1245 380 1396 441
 97 1245 380 1396 441
 98 1237 382 1389 443
 99 1239 382 1390 443
 100 1234 383 1384 443
 101 1237 382 1387 442
 102 1225 385 1374 444
 103 1225 386 1375 444
 104 1229 387 1379 445
 105 1229 387 1378 446
 106 1223 387 1370 445
 107 1225 388 1372 446
 108 1213 390 1360 447
 109 1210 390 1359 447
 110 1206 394 1356 450
 111 1202 392 1353 448
 112 1192 393 1344 449
 113 1191 392 1345 448
 114 1183 396 1338 452
 115 1176 394 1332 452
 116 1180 396 1338 455
 117 1174 393 1333 453
 118 1167 395 1328 455
 119 1163 396 1326 456
 120 1159 397 1323 457
 121 1156 398 1321 459
 122 1154 399 1318 461
 123 1153 399 1316 462
 124 1154 399 1316 462
 125 1148 401 1310 464
 126 1150 400 1312 465
 127 1136 402 1296 467
 128 1131 403 1291 468
 129 1131 403 1292 468
 130 1129 403 1289 468
 131 1131 404 1291 469
 132 1125 406 1286 471
 133 1125 405 1287 470
 134 1117 407 1279 472
 135 1116 405 1279 470
 136 1111 407 1276 472
 137 1112 407 1276 473
 138 1106 409 1271 476
 139 1102 411 1268 478
 140 1103 412 1269 479
 141 1101 413 1268 480
 142 1097 415 1264 482
 143 1095 417 1264 484
 144 1090 416 1258 483
 145 1089 417 1254 484
 146 1087 417 1250 483
 147 1087 418 1247 484
 148 1082 419 1238 486
 149 1083 419 1237 486
 150 1078 422 1227 490
 151 1075 422 1222 490
 152 1077 422 1222 490
 153 1077 422 1221 490
 154 1071 426 1214 493
 155 1072 428 1214 497
 156 1068 428 1210 496
 157 1068 428 1209 496
 158 1063 428 1207 498
 159 1060 428 1206 498
 160 1055 430 1201 501
 161 1053 430 1199 501
 162 1044 433 1191 504
 163 1041 434 1190 506
 164 1040 435 1190 508
 165 1040 433 1190 507
 166 1039 433 1189 508
 167 1033 433 1183 507
 168 1032 438 1182 512
 169 1029 440 1179 513
 170 1024 441 1174 514
 171 1024 440 1175 514
 172 1019 442 1167 516
 173 1018 442 1166 516
 174 1008 446 1156 519
 175 1011 445 1159 518
 176 1009 446 1157 519
 177 1011 446 1159 519
 178 1005 445 1152 519
 179 1004 446 1151 521
 180 998 448 1146 522
 181 999 449 1146 524
 182 994 452 1141 527
 183 996 450 1143 525
 184 993 452 1138 528
 185 992 452 1137 528
 186 985 455 1128 530
 187 985 456 1127 532
 188 985 457 1127 533
 189 985 455 1127 531
 190 977 457 1117 532
 191 979 458 1120 534
 192 979 459 1119 535
 193 975 461 1115 536
 194 970 461 1110 537
 195 972 462 1113 539
 196 968 464 1110 541
 197 966 465 1107 542
 198 966 466 1107 543
 199 958 467 1098 544
 200 958 468 1098 546
 201 958 469 1097 546
 202 958 469 1096 547
 203 955 471 1093 549
 204 955 471 1093 550
 205 952 473 1090 552
 206 947 476 1085 555
 207 945 476 1083 556
 208 942 478 1079 558
 209 941 478 1079 559
 210 936 481 1074 561
 211 935 481 1072 562
 212 936 481 1072 562
 213 936 482 1072 563
 214 935 482 1071 562
 215 934 484 1070 563
 216 930 484 1066 563
 217 931 484 1068 563
 218 925 486 1061 566
 219 924 487 1060 569
 220 919 488 1055 570
 221 921 489 1056 573
 222 915 493 1051 575
 223 917 493 1052 576
 224 916 494 1051 577
 225 917 494 1051 577
 226 913 496 1046 579
 227 915 496 1048 580
 228 911 498 1043 581
 229 911 499 1043 582
 230 910 499 1041 582
 231 911 499 1041 582
 232 908 501 1039 582
 233 907 501 1037 583
 234 903 507 1034 586
 235 901 507 1032 588
 236 902 507 1032 589
 237 902 508 1031 591
 238 899 510 1029 593
 239 899 510 1029 594
 240 896 512 1026 596
 241 895 513 1025 598
 242 895 514 1025 599
 243 894 514 1024 599
 244 894 514 1024 599
 245 891 516 1022 599
 246 891 518 1021 601
 247 886 522 1016 602
 248 888 523 1016 602
 249 887 524 1015 601
 250 887 526 1014 602
 251 886 526 1013 602
 252 885 530 1012 605
 253 885 531 1011 606
 254 884 533 1010 607
 255 885 535 1011 609
 256 882 536 1008 610
 257 883 537 1008 612
 258 879 539 1003 613
 259 879 541 1002 616
 260 879 545 997 629
 261 880 547 993 639
 262 879 548 990 646
 263 878 545 988 648
 264 878 548 987 654
 265 877 548 987 655
 266 876 549 987 658
 267 874 549 987 660
 268 874 553 988 665
 269 874 552 990 666
 270 875 557 990 673
 271 874 558 990 676
 272 875 557 991 678
 273 876 555 994 677
 274 876 555 996 677
 275 876 557 997 678
 276 873 557 997 678
 277 871 560 995 680
 278 868 566 993 684
 279 867 568 991 687
 280 866 566 991 686
 281 865 569 990 690
 282 864 577 989 698
 283 863 579 989 700
 284 862 580 991 701
 285 861 579 991 700
 286 860 581 991 703
 287 856 584 988 707
 288 855 584 986 708
 289 853 585 985 710
 290 858 594 989 718
 291 859 589 990 714
 292 860 595 991 721
 293 860 593 992 720
 294 863 599 996 727
 295 861 599 997 727
 296 862 598 1000 727
 297 862 599 1003 727
 298 861 598 1003 726
 299 862 605 1003 733
 300 861 604 1002 732
 301 864 611 1003 740
 302 851 609 990 739
 303 856 617 994 746
 304 863 614 998 744
 305 864 616 998 747
 306 866 618 998 749
 307 869 625 999 759
 308 871 621 999 758
 309 857 612 986 746
 310 857 609 988 737
 311 858 616 987 744
 312 857 613 986 738
 313 872 606 1002 728
 314 871 614 1000 734
 315 871 618 998 738
 316 868 627 994 744
 317 866 619 992 734
 318 888 671 1011 791
 319 894 679 1017 800
 320 886 670 1008 795
 321 892 677 1015 800
 322 893 673 1017 798
 323 899 680 1025 805
 324 891 670 1016 799
 325 898 677 1025 808
 326 901 684 1030 813
 327 903 691 1035 819
 328 894 679 1026 812
 329 902 683 1035 819
 330 901 678 1036 816
 331 903 687 1040 830
 332 902 685 1041 830
 333 902 684 1043 830
 334 899 683 1043 830
 335 905 692 1052 840
 336 903 693 1053 841
 337 902 694 1053 844
 338 902 693 1054 845
 339 902 695 1055 848
 340 901 697 1054 852
 341 902 697 1056 853
 342 908 706 1063 864
 343 909 706 1064 865
 344 908 706 1063 865
 345 909 705 1064 865
 346 908 707 1065 867
 347 908 709 1067 869
 348 911 713 1070 871
 349 910 715 1071 872
 350 910 717 1072 873
 351 912 718 1075 874
 352 913 721 1077 876
 353 912 722 1076 877
 354 913 730 1078 881
 355 912 729 1078 880
 356 912 730 1079 881
 357 912 730 1080 882
 358 915 733 1083 882
 359 916 734 1084 882
 360 916 738 1084 883
 361 917 740 1085 883
 362 921 743 1088 884
 363 924 745 1091 884
 364 924 749 1092 885
 365 926 750 1094 884
 366 931 761 1101 885
 367 931 760 1098 884
 368 934 767 1103 884
 369 934 771 1105 881
 370 935 776 1107 882
 371 931 778 1100 880
 372 939 784 1106 883
 373 936 787 1099 882
 374 945 790 1107 882
 375 950 794 1111 883
 376 953 797 1112 883
 377 949 798 1105 881
 378 956 807 1110 886
 379 960 810 1115 885
 380 964 811 1118 883
 381 960 811 1111 881
 382 965 816 1115 884
 383 971 817 1120 883
 384 974 819 1122 884
 385 967 821 1113 884
 386 973 822 1118 883
 387 977 826 1121 884
 388 977 826 1117 882
 389 983 829 1121 883
 390 984 831 1123 881
 391 986 835 1125 882
 392 986 839 1125 883
 393 988 841 1126 883
 394 990 845 1128 884
 395 992 846 1130 884
 396 996 848 1134 885
 397 997 849 1135 886
 398 1002 849 1140 886
 399 1006 849 1143 885
 400 1009 849 1146 885
 401 1012 848 1149 884
 402 1016 846 1153 882
 403 1020 844 1157 880
 404 1024 843 1161 879
 405 1026 841 1163 877
 406 1030 839 1167 875
 407 1034 837 1171 873
 408 1039 833 1176 869
 409 1044 829 1181 865
 410 1049 826 1186 863
 411 1052 820 1189 857
 412 1053 816 1190 853
 413 1053 813 1190 850
 414 1052 811 1189 848
 415 1050 810 1187 847
 416 1048 809 1185 846
 417 1048 808 1185 845
 418 1046 807 1183 844
