734 -1 -1 -1 -1 0 1582 340 1734 402 
 1 1581 340 1734 401
 2 1579 341 1734 401
 3 1577 340 1733 400
 4 1577 342 1735 401
 5 1577 341 1735 401
 6 1576 343 1734 402
 7 1578 341 1737 400
 8 1577 342 1735 401
 9 1577 342 1735 401
 10 1576 341 1734 401
 11 1576 341 1734 401
 12 1576 341 1734 401
 13 1577 341 1735 401
 14 1576 341 1734 401
 15 1576 342 1735 402
 16 1577 340 1736 400
 17 1576 343 1735 402
 18 1576 340 1736 400
 19 1576 342 1735 401
 20 1575 343 1735 402
 21 1576 341 1736 400
 22 1575 343 1735 402
 23 1575 342 1735 401
 24 1575 343 1735 402
 25 1575 341 1735 401
 26 1575 343 1735 402
 27 1575 342 1735 401
 28 1575 343 1735 402
 29 1577 342 1737 401
 30 1577 343 1736 402
 31 1575 343 1735 402
 32 1576 342 1736 401
 33 1576 343 1735 402
 34 1576 342 1735 401
 35 1576 343 1735 402
 36 1577 342 1736 401
 37 1576 343 1735 402
 38 1577 342 1736 401
 39 1577 342 1736 401
 40 1576 342 1735 401
 41 1576 343 1735 402
 42 1577 342 1736 401
 43 1576 342 1735 401
 44 1576 343 1735 402
 45 1578 342 1737 401
 46 1577 341 1736 400
 47 1577 343 1736 402
 48 1576 342 1735 401
 49 1576 343 1735 402
 50 1577 342 1736 401
 51 1576 341 1735 400
 52 1576 343 1735 402
 53 1575 342 1735 401
 54 1575 343 1735 402
 55 1575 342 1735 401
 56 1575 342 1735 401
 57 1575 343 1735 402
 58 1576 342 1736 401
 59 1575 343 1735 402
 60 1575 342 1735 401
 61 1574 343 1735 402
 62 1576 342 1737 401
 63 1574 343 1735 402
 64 1576 342 1737 401
 65 1574 343 1735 401
 66 1577 342 1738 400
 67 1577 343 1736 401
 68 1575 341 1735 400
 69 1574 343 1734 401
 70 1576 342 1736 401
 71 1575 341 1735 400
 72 1575 343 1735 402
 73 1575 341 1735 400
 74 1575 343 1735 401
 75 1575 342 1735 401
 76 1575 342 1735 401
 77 1575 343 1735 402
 78 1575 342 1735 401
 79 1575 343 1735 401
 80 1575 342 1735 401
 81 1575 343 1735 401
 82 1576 342 1736 401
 83 1575 343 1735 401
 84 1575 342 1736 401
 85 1575 341 1736 400
 86 1575 343 1735 401
 87 1574 342 1734 401
 88 1574 343 1734 402
 89 1576 342 1737 401
 90 1575 342 1735 401
 91 1574 342 1734 401
 92 1574 343 1734 402
 93 1577 342 1737 401
 94 1576 341 1735 400
 95 1574 343 1734 402
 96 1574 342 1734 401
 97 1573 343 1733 402
 98 1574 342 1734 401
 99 1573 342 1733 401
 100 1574 342 1734 401
 101 1572 343 1732 402
 102 1576 342 1736 401
 103 1575 342 1734 401
 104 1572 342 1732 401
 105 1573 342 1733 401
 106 1571 342 1731 401
 107 1573 343 1733 402
 108 1573 342 1733 401
 109 1572 343 1733 402
 110 1573 343 1734 402
 111 1571 343 1731 402
 112 1572 343 1732 402
 113 1572 342 1732 401
 114 1571 343 1731 402
 115 1572 343 1732 402
 116 1572 343 1731 402
 117 1572 343 1731 402
 118 1572 343 1731 402
 119 1571 342 1731 401
 120 1572 342 1731 401
 121 1571 343 1730 402
 122 1571 343 1731 402
 123 1570 343 1730 402
 124 1570 342 1729 401
 125 1571 343 1731 402
 126 1570 343 1729 402
 127 1571 341 1730 401
 128 1570 343 1729 402
 129 1570 342 1729 401
 130 1569 342 1728 401
 131 1569 343 1727 402
 132 1569 342 1727 401
 133 1569 342 1727 401
 134 1568 343 1727 402
 135 1569 343 1727 402
 136 1568 342 1727 402
 137 1567 342 1725 401
 138 1567 343 1726 402
 139 1567 343 1726 402
 140 1566 343 1725 402
 141 1566 342 1725 402
 142 1566 342 1725 402
 143 1565 342 1724 402
 144 1566 342 1725 402
 145 1565 342 1724 402
 146 1565 343 1724 402
 147 1565 343 1723 402
 148 1564 343 1722 402
 149 1564 342 1721 402
 150 1563 343 1721 402
 151 1563 344 1719 403
 152 1563 343 1720 402
 153 1563 344 1719 403
 154 1562 343 1719 402
 155 1562 344 1718 403
 156 1561 343 1717 402
 157 1563 344 1719 403
 158 1561 343 1717 402
 159 1562 344 1716 403
 160 1562 343 1716 402
 161 1561 344 1715 403
 162 1561 343 1714 402
 163 1561 344 1714 403
 164 1560 344 1712 403
 165 1559 345 1712 404
 166 1559 344 1711 403
 167 1559 345 1711 404
 168 1559 345 1710 404
 169 1560 344 1711 403
 170 1556 345 1706 404
 171 1559 344 1708 403
 172 1558 343 1707 403
 173 1558 344 1707 404
 174 1558 344 1705 404
 175 1562 347 1709 406
 176 1555 345 1702 405
 177 1560 348 1706 407
 178 1556 346 1702 405
 179 1560 347 1705 406
 180 1555 347 1700 406
 181 1557 346 1702 405
 182 1560 347 1705 406
 183 1554 348 1700 406
 184 1557 348 1702 406
 185 1558 348 1701 406
 186 1558 348 1700 406
 187 1554 349 1696 407
 188 1555 350 1696 407
 189 1555 349 1695 407
 190 1554 349 1693 407
 191 1554 349 1692 407
 192 1556 349 1693 407
 193 1556 349 1693 407
 194 1551 349 1687 407
 195 1552 349 1689 407
 196 1550 349 1687 407
 197 1551 349 1687 407
 198 1548 351 1684 408
 199 1551 351 1686 408
 200 1551 350 1684 407
 201 1551 349 1684 407
 202 1549 351 1681 408
 203 1551 350 1681 407
 204 1546 349 1676 407
 205 1549 349 1680 407
 206 1546 349 1673 406
 207 1546 350 1672 407
 208 1545 350 1669 407
 209 1546 350 1670 407
 210 1544 351 1666 407
 211 1547 351 1669 407
 212 1546 354 1666 409
 213 1545 352 1664 407
 214 1546 354 1662 408
 215 1546 352 1661 406
 216 1549 355 1663 408
 217 1545 353 1659 407
 218 1546 354 1657 407
 219 1547 354 1657 406
 220 1546 355 1654 407
 221 1548 355 1655 407
 222 1547 354 1653 406
 223 1546 356 1652 407
 224 1547 357 1652 408
 225 1544 355 1647 407
 226 1544 356 1647 407
 227 1541 357 1644 408
 228 1544 356 1647 407
 229 1544 357 1646 408
 230 1543 357 1645 408
 231 1541 357 1641 407
 232 1542 358 1641 407
 233 1539 358 1637 407
 234 1537 359 1635 407
 235 1537 358 1634 406
 236 1536 359 1632 407
 237 1537 360 1632 407
 238 1537 358 1630 406
 239 1537 360 1629 407
 240 1537 360 1629 407
 241 1538 360 1629 407
 242 1537 360 1624 407
 243 1535 360 1622 406
 244 1532 360 1618 406
 245 1531 360 1617 406
 246 1530 360 1616 407
 247 1528 360 1615 407
 248 1527 359 1614 407
 249 1525 360 1613 408
 250 1523 360 1611 408
 251 1523 360 1612 408
 252 1522 360 1612 408
 253 1521 359 1612 407
 254 1519 360 1608 408
 255 1516 361 1606 408
 256 1512 362 1603 409
 257 1508 362 1602 409
 258 1504 363 1600 409
 259 1500 365 1599 412
 260 1473 358 1577 404
 261 1440 361 1546 410
 262 1436 364 1545 414
 263 1432 364 1544 416
 264 1432 364 1546 417
 265 1431 362 1546 416
 266 1427 363 1546 418
 267 1425 362 1547 418
 268 1423 362 1547 419
 269 1417 363 1543 420
 270 1417 363 1544 420
 271 1415 361 1545 419
 272 1413 361 1545 419
 273 1409 362 1543 420
 274 1407 362 1542 420
 275 1405 362 1540 421
 276 1403 361 1538 421
 277 1403 362 1538 423
 278 1402 361 1538 422
 279 1397 363 1534 424
 280 1398 362 1536 423
 281 1392 364 1533 425
 282 1389 363 1532 424
 283 1385 363 1529 424
 284 1383 362 1528 424
 285 1383 362 1529 423
 286 1379 364 1527 425
 287 1380 363 1529 425
 288 1380 362 1530 424
 289 1378 363 1528 425
 290 1367 364 1520 426
 291 1368 364 1522 425
 292 1363 365 1519 426
 293 1363 365 1520 426
 294 1362 365 1520 426
 295 1357 364 1517 425
 296 1358 365 1519 426
 297 1350 366 1513 427
 298 1346 367 1509 428
 299 1346 367 1509 428
 300 1345 366 1508 427
 301 1348 367 1511 428
 302 1346 366 1509 427
 303 1334 368 1499 429
 304 1334 368 1498 429
 305 1328 369 1492 430
 306 1324 370 1489 431
 307 1325 369 1489 430
 308 1320 370 1484 430
 309 1320 368 1483 429
 310 1315 370 1478 431
 311 1317 371 1482 432
 312 1314 370 1479 431
 313 1313 371 1479 432
 314 1302 371 1468 433
 315 1302 369 1466 431
 316 1298 372 1461 433
 317 1298 370 1459 432
 318 1293 371 1454 433
 319 1294 371 1455 432
 320 1292 372 1454 433
 321 1288 373 1449 434
 322 1281 375 1442 435
 323 1284 373 1446 434
 324 1280 373 1442 434
 325 1282 372 1444 434
 326 1280 373 1442 434
 327 1266 373 1430 435
 328 1263 373 1427 435
 329 1263 373 1427 436
 330 1256 374 1420 436
 331 1258 373 1422 435
 332 1251 374 1415 436
 333 1252 376 1416 437
 334 1247 377 1410 438
 335 1248 376 1410 437
 336 1248 376 1409 437
 337 1248 377 1409 438
 338 1236 376 1397 438
 339 1236 377 1398 439
 340 1229 379 1391 440
 341 1228 377 1392 438
 342 1225 378 1388 439
 343 1224 378 1388 439
 344 1218 379 1382 440
 345 1218 378 1383 438
 346 1210 380 1376 439
 347 1211 380 1379 438
 348 1208 380 1376 438
 349 1209 380 1379 438
 350 1209 380 1379 438
 351 1195 382 1366 441
 352 1195 381 1366 439
 353 1191 384 1362 442
 354 1192 385 1364 442
 355 1186 386 1357 443
 356 1185 386 1357 443
 357 1183 387 1352 444
 358 1183 386 1353 443
 359 1179 387 1347 445
 360 1178 386 1346 444
 361 1178 385 1345 443
 362 1178 387 1346 445
 363 1162 386 1330 444
 364 1151 388 1319 447
 365 1158 390 1325 448
 366 1148 389 1316 448
 367 1146 389 1314 448
 368 1144 392 1312 451
 369 1146 393 1313 452
 370 1141 392 1309 451
 371 1142 391 1309 451
 372 1141 391 1309 451
 373 1141 391 1309 451
 374 1127 393 1296 454
 375 1125 391 1294 452
 376 1119 394 1289 455
 377 1117 392 1286 453
 378 1114 396 1283 457
 379 1111 394 1280 455
 380 1112 396 1281 457
 381 1110 397 1280 458
 382 1102 396 1272 457
 383 1100 396 1272 456
 384 1101 396 1274 457
 385 1099 396 1273 456
 386 1092 401 1267 462
 387 1090 399 1261 459
 388 1088 402 1259 463
 389 1090 402 1261 462
 390 1082 403 1254 463
 391 1085 404 1255 464
 392 1080 405 1251 465
 393 1081 405 1250 466
 394 1074 405 1244 466
 395 1075 406 1244 467
 396 1074 406 1242 467
 397 1076 404 1243 466
 398 1076 405 1244 467
 399 1055 407 1227 467
 400 1062 408 1232 469
 401 1053 406 1224 468
 402 1056 409 1226 471
 403 1048 407 1219 470
 404 1050 409 1221 472
 405 1042 407 1213 471
 406 1046 409 1217 474
 407 1040 408 1210 472
 408 1040 411 1210 476
 409 1043 410 1211 475
 410 1030 410 1200 476
 411 1031 411 1203 477
 412 1023 410 1194 476
 413 1024 410 1195 477
 414 1019 412 1190 479
 415 1017 412 1188 479
 416 1012 414 1183 481
 417 1014 417 1185 484
 418 1011 417 1181 484
 419 1011 417 1181 484
 420 1008 416 1177 483
 421 1012 417 1181 484
 422 1008 416 1176 483
 423 1000 418 1168 486
 424 997 418 1164 486
 425 995 422 1162 489
 426 987 421 1152 488
 427 985 421 1149 487
 428 981 421 1146 488
 429 980 422 1144 489
 430 978 427 1144 494
 431 979 426 1145 493
 432 975 423 1141 491
 433 974 423 1139 490
 434 968 429 1133 497
 435 968 428 1134 496
 436 963 429 1128 497
 437 963 429 1129 497
 438 957 430 1122 499
 439 958 431 1122 499
 440 952 431 1115 500
 441 952 432 1114 501
 442 948 431 1109 501
 443 948 432 1109 502
 444 949 432 1110 502
 445 949 432 1110 502
 446 938 435 1096 506
 447 937 433 1094 504
 448 934 435 1091 507
 449 930 433 1087 505
 450 926 435 1083 506
 451 928 437 1087 509
 452 924 437 1082 511
 453 922 438 1081 512
 454 918 439 1077 513
 455 918 439 1076 513
 456 918 440 1077 514
 457 919 440 1078 514
 458 912 442 1067 517
 459 908 443 1064 518
 460 909 442 1066 517
 461 905 443 1062 519
 462 903 444 1060 519
 463 899 446 1056 521
 464 898 445 1056 521
 465 891 445 1048 521
 466 890 444 1047 520
 467 890 449 1047 526
 468 888 450 1046 527
 469 885 447 1043 524
 470 885 446 1042 523
 471 880 448 1037 526
 472 880 451 1037 529
 473 874 450 1031 529
 474 869 453 1026 531
 475 867 452 1024 531
 476 865 455 1021 534
 477 864 454 1020 533
 478 861 456 1016 536
 479 865 457 1020 538
 480 862 456 1017 538
 481 864 457 1019 539
 482 855 459 1009 542
 483 854 460 1008 544
 484 852 462 1005 547
 485 851 462 1004 547
 486 847 463 1000 548
 487 847 462 1000 548
 488 847 463 1000 549
 489 842 464 994 551
 490 843 464 994 551
 491 840 465 990 553
 492 841 465 990 553
 493 840 465 989 553
 494 834 469 981 558
 495 834 469 981 558
 496 828 471 974 561
 497 830 471 977 562
 498 823 473 970 564
 499 823 473 971 564
 500 820 474 967 566
 501 819 474 967 566
 502 814 476 962 568
 503 815 477 963 570
 504 815 477 963 570
 505 816 478 963 571
 506 807 481 953 573
 507 808 481 954 574
 508 803 481 948 575
 509 804 481 950 575
 510 804 481 949 576
 511 799 484 943 579
 512 801 484 945 579
 513 797 486 940 582
 514 798 485 942 581
 515 795 492 938 589
 516 794 487 936 586
 517 795 490 938 589
 518 795 486 938 586
 519 788 496 931 595
 520 788 493 930 594
 521 786 495 926 597
 522 786 493 926 596
 523 781 498 921 600
 524 782 496 922 599
 525 779 499 919 603
 526 779 497 918 602
 527 775 503 913 608
 528 777 498 914 604
 529 776 500 913 607
 530 776 498 913 606
 531 772 507 909 614
 532 772 504 908 613
 533 770 509 905 617
 534 768 508 902 617
 535 765 512 899 621
 536 765 511 898 622
 537 765 512 898 623
 538 763 514 896 625
 539 761 516 893 628
 540 760 517 892 630
 541 761 516 893 630
 542 760 517 892 632
 543 757 523 888 637
 544 755 523 886 637
 545 754 527 884 641
 546 754 525 883 641
 547 751 530 880 646
 548 752 528 881 646
 549 749 534 877 651
 550 750 532 877 652
 551 748 537 875 656
 552 746 536 873 657
 553 746 535 874 658
 554 746 533 874 658
 555 743 539 872 663
 556 741 539 870 663
 557 738 541 868 665
 558 739 542 868 667
 559 737 544 866 670
 560 737 544 866 671
 561 736 546 864 673
 562 735 548 863 675
 563 734 549 862 675
 564 736 548 863 676
 565 736 550 863 677
 566 734 549 862 677
 567 734 555 860 684
 568 734 556 860 687
 569 734 555 859 688
 570 735 560 859 693
 571 733 559 858 693
 572 734 562 858 697
 573 733 563 856 699
 574 734 566 857 703
 575 731 568 855 704
 576 733 567 856 704
 577 733 566 856 703
 578 731 572 854 711
 579 732 573 855 713
 580 734 574 857 716
 581 732 574 855 718
 582 733 578 856 722
 583 730 579 854 723
 584 732 581 856 726
 585 734 582 858 728
 586 731 587 856 732
 587 730 587 856 732
 588 729 589 855 733
 589 730 587 857 731
 590 726 596 854 738
 591 726 597 855 739
 592 726 600 855 743
 593 725 602 854 745
 594 723 607 853 748
 595 722 608 852 749
 596 721 612 851 752
 597 722 614 850 753
 598 722 619 849 758
 599 726 619 850 758
 600 730 618 852 757
 601 730 619 852 758
 602 732 630 852 771
 603 732 628 852 770
 604 735 639 854 780
 605 735 634 853 776
 606 736 632 853 776
 607 738 642 855 785
 608 739 638 855 781
 609 739 638 855 782
 610 740 638 856 781
 611 746 645 864 788
 612 746 646 864 790
 613 747 645 866 789
 614 747 646 866 791
 615 749 655 866 800
 616 751 660 868 805
 617 748 674 867 817
 618 750 682 869 825
 619 749 688 869 828
 620 751 695 872 834
 621 752 688 873 828
 622 751 696 873 836
 623 751 702 874 841
 624 751 695 873 836
 625 751 700 874 840
 626 752 707 875 849
 627 753 712 876 854
 628 767 732 892 868
 629 765 724 889 860
 630 762 732 887 868
 631 765 734 888 870
 632 766 742 889 875
 633 765 736 887 871
 634 767 743 890 877
 635 767 735 890 871
 636 768 744 891 879
 637 768 737 891 873
 638 768 745 890 879
 639 762 725 886 862
 640 759 720 885 858
 641 760 728 889 867
 642 757 723 888 863
 643 755 723 889 860
 644 756 730 892 868
 645 756 729 893 865
 646 754 730 893 864
 647 761 738 900 873
 648 761 733 901 867
 649 758 733 900 866
 650 763 743 907 875
 651 764 740 909 870
 652 767 748 913 877
 653 766 749 914 875
 654 767 755 915 878
 655 768 758 916 879
 656 770 762 918 881
 657 772 763 919 881
 658 774 767 922 882
 659 774 769 921 882
 660 775 770 922 881
 661 775 771 921 881
 662 777 771 922 880
 663 781 779 926 885
 664 783 783 927 886
 665 786 785 929 885
 666 789 786 933 885
 667 787 790 932 884
 668 790 793 934 882
 669 790 795 934 881
 670 794 798 937 881
 671 794 800 936 880
 672 793 800 931 879
 673 795 802 933 879
 674 804 817 939 887
 675 806 821 941 886
 676 802 823 931 884
 677 806 826 932 884
 678 810 829 934 883
 679 813 833 934 884
 680 817 835 936 884
 681 819 838 936 885
 682 830 811 941 866
 683 830 804 936 866
 684 832 798 934 868
 685 832 795 932 870
 686 841 792 940 869
 687 839 789 937 867
 688 837 787 935 867
 689 837 784 934 865
 690 844 792 941 874
 691 842 788 939 872
 692 839 785 936 869
 693 838 784 935 869
 694 837 783 934 868
 695 844 790 941 876
 696 840 787 938 874
 697 838 784 936 871
 698 837 783 935 870
 699 836 782 935 869
 700 843 784 942 872
 701 840 784 939 872
 702 838 783 937 871
 703 838 782 937 870
 704 843 784 943 873
 705 840 784 940 873
 706 837 784 937 873
 707 843 784 943 874
 708 839 783 940 873
 709 838 783 939 873
 710 837 781 938 871
 711 843 784 944 875
 712 840 784 941 875
 713 838 783 939 874
 714 835 782 937 873
 715 842 783 944 874
 716 839 784 941 875
 717 837 783 939 874
 718 835 782 938 873
 719 842 783 944 874
 720 838 783 941 874
 721 837 783 940 874
 722 836 782 939 873
 723 835 781 938 872
 724 842 783 945 874
 725 839 783 942 874
 726 837 782 940 874
 727 836 782 939 874
 728 835 780 938 872
 729 842 782 945 874
 730 839 783 942 875
 731 837 782 940 874
 732 835 782 939 874
 733 834 781 938 873
