1119 -1 -1 -1 -1 0 1190 314 1366 381 
 1 1187 318 1362 385
 2 1183 317 1356 384
 3 1180 317 1353 384
 4 1180 317 1351 384
 5 1179 316 1349 383
 6 1175 317 1346 384
 7 1174 317 1345 384
 8 1172 317 1341 384
 9 1171 317 1339 385
 10 1174 316 1342 384
 11 1173 317 1340 385
 12 1174 316 1340 384
 13 1173 316 1339 384
 14 1173 317 1340 385
 15 1172 316 1340 384
 16 1170 318 1336 386
 17 1171 317 1339 386
 18 1169 316 1338 384
 19 1170 317 1339 385
 20 1163 318 1333 386
 21 1165 316 1335 385
 22 1160 318 1331 386
 23 1163 316 1334 384
 24 1161 317 1332 385
 25 1162 317 1332 385
 26 1157 318 1328 386
 27 1155 317 1326 385
 28 1153 319 1325 386
 29 1154 318 1327 386
 30 1152 319 1325 386
 31 1151 319 1324 386
 32 1147 319 1320 385
 33 1148 320 1320 386
 34 1146 318 1316 385
 35 1147 319 1317 385
 36 1146 318 1316 385
 37 1146 319 1316 386
 38 1143 319 1314 386
 39 1143 319 1314 386
 40 1141 319 1311 386
 41 1140 320 1311 387
 42 1141 320 1312 386
 43 1140 319 1311 385
 44 1138 319 1309 385
 45 1138 319 1308 385
 46 1137 320 1308 386
 47 1136 319 1307 385
 48 1137 319 1308 386
 49 1137 319 1308 386
 50 1133 319 1304 386
 51 1132 320 1303 387
 52 1133 319 1302 386
 53 1133 319 1302 387
 54 1130 319 1298 386
 55 1133 318 1300 386
 56 1132 319 1299 387
 57 1130 318 1296 386
 58 1130 319 1295 387
 59 1129 318 1294 386
 60 1129 320 1295 388
 61 1130 318 1296 386
 62 1124 320 1290 388
 63 1125 320 1291 387
 64 1125 321 1290 388
 65 1124 320 1289 387
 66 1122 319 1287 387
 67 1122 321 1287 388
 68 1124 321 1289 387
 69 1123 321 1288 387
 70 1122 321 1287 387
 71 1121 322 1286 388
 72 1121 321 1286 387
 73 1120 322 1285 388
 74 1118 324 1282 389
 75 1119 325 1283 389
 76 1118 325 1281 388
 77 1118 324 1280 387
 78 1116 324 1277 387
 79 1118 324 1278 387
 80 1116 325 1275 388
 81 1117 325 1276 388
 82 1110 323 1270 386
 83 1113 322 1273 385
 84 1114 324 1273 388
 85 1115 324 1274 388
 86 1113 323 1272 387
 87 1112 324 1270 388
 88 1113 325 1271 388
 89 1113 325 1272 388
 90 1112 324 1271 387
 91 1113 326 1271 388
 92 1112 325 1268 387
 93 1113 325 1270 387
 94 1111 323 1268 385
 95 1107 325 1264 387
 96 1113 325 1271 387
 97 1110 323 1268 385
 98 1105 325 1264 386
 99 1108 325 1267 387
 100 1108 326 1267 388
 101 1108 324 1266 386
 102 1104 326 1262 388
 103 1106 324 1265 386
 104 1104 326 1263 388
 105 1104 325 1263 387
 106 1104 325 1263 387
 107 1103 325 1263 387
 108 1102 325 1262 387
 109 1100 326 1260 389
 110 1098 325 1258 387
 111 1097 326 1258 387
 112 1095 327 1256 388
 113 1097 326 1258 387
 114 1095 327 1256 388
 115 1093 326 1255 387
 116 1091 326 1253 387
 117 1091 327 1255 388
 118 1087 326 1252 386
 119 1088 327 1253 388
 120 1089 326 1254 386
 121 1088 327 1254 388
 122 1086 327 1251 387
 123 1087 326 1252 386
 124 1085 326 1250 386
 125 1084 327 1248 388
 126 1084 326 1247 386
 127 1085 326 1249 387
 128 1083 327 1246 388
 129 1082 327 1246 388
 130 1080 327 1243 387
 131 1081 326 1243 386
 132 1081 326 1244 387
 133 1081 327 1244 388
 134 1079 327 1241 388
 135 1077 327 1240 388
 136 1075 327 1239 388
 137 1074 327 1238 389
 138 1072 327 1236 388
 139 1072 326 1235 388
 140 1069 327 1234 389
 141 1068 326 1233 389
 142 1065 327 1232 390
 143 1064 326 1230 389
 144 1062 327 1228 390
 145 1061 326 1227 389
 146 1059 327 1225 390
 147 1058 327 1223 391
 148 1055 326 1219 390
 149 1053 327 1217 391
 150 1049 327 1215 391
 151 1048 327 1214 391
 152 1049 329 1215 394
 153 1049 327 1214 393
 154 1046 328 1212 394
 155 1046 328 1210 394
 156 1048 329 1212 395
 157 1047 328 1211 394
 158 1045 329 1208 395
 159 1043 328 1205 395
 160 1042 328 1204 395
 161 1041 329 1204 396
 162 1040 329 1203 396
 163 1041 328 1204 396
 164 1038 329 1200 396
 165 1039 330 1201 397
 166 1039 329 1200 396
 167 1037 330 1198 397
 168 1041 328 1200 396
 169 1038 330 1198 397
 170 1038 329 1198 396
 171 1036 329 1196 396
 172 1033 330 1192 397
 173 1036 328 1195 396
 174 1033 329 1192 396
 175 1031 331 1191 397
 176 1033 329 1192 395
 177 1032 331 1191 396
 178 1031 330 1190 395
 179 1032 329 1190 394
 180 1032 329 1190 395
 181 1032 329 1189 395
 182 1031 329 1189 395
 183 1031 329 1189 395
 184 1029 330 1190 395
 185 1029 330 1191 395
 186 1026 331 1191 395
 187 1024 330 1188 394
 188 1021 330 1187 394
 189 1021 330 1187 394
 190 1019 331 1186 394
 191 1015 331 1182 393
 192 1014 331 1180 394
 193 1014 329 1180 393
 194 1008 330 1175 394
 195 1006 329 1172 393
 196 1004 331 1170 394
 197 1001 330 1166 393
 198 999 330 1162 393
 199 997 330 1159 394
 200 994 330 1157 393
 201 993 330 1155 394
 202 992 330 1151 394
 203 991 330 1150 395
 204 990 328 1148 394
 205 991 328 1148 394
 206 990 329 1149 395
 207 988 330 1146 395
 208 990 330 1145 395
 209 989 330 1143 395
 210 990 331 1144 395
 211 990 332 1144 395
 212 989 331 1144 394
 213 987 330 1143 392
 214 987 331 1143 393
 215 987 331 1142 394
 216 987 330 1142 392
 217 985 331 1140 394
 218 982 331 1137 394
 219 980 330 1135 394
 220 978 331 1133 394
 221 976 329 1130 393
 222 975 331 1129 394
 223 974 330 1128 393
 224 974 331 1128 394
 225 972 331 1126 394
 226 973 329 1129 392
 227 972 330 1128 394
 228 971 329 1127 393
 229 971 330 1128 394
 230 967 330 1124 393
 231 964 332 1123 395
 232 963 328 1121 392
 233 961 328 1119 392
 234 960 329 1118 393
 235 958 326 1116 390
 236 957 328 1114 391
 237 958 328 1113 391
 238 957 328 1111 391
 239 957 328 1110 391
 240 959 329 1112 392
 241 959 328 1111 391
 242 954 327 1105 390
 243 952 328 1104 391
 244 949 328 1102 392
 245 947 328 1099 393
 246 945 329 1098 394
 247 944 329 1097 394
 248 941 329 1094 393
 249 940 330 1091 393
 250 939 330 1089 393
 251 939 329 1087 392
 252 941 328 1086 392
 253 942 328 1087 391
 254 938 329 1083 392
 255 937 330 1083 393
 256 933 330 1079 393
 257 931 330 1077 393
 258 929 330 1074 393
 259 927 330 1073 392
 260 923 330 1068 393
 261 918 329 1063 392
 262 914 329 1059 392
 263 922 329 1065 392
 264 917 329 1061 392
 265 924 330 1067 393
 266 916 329 1057 392
 267 920 329 1059 393
 268 913 328 1050 391
 269 917 329 1053 392
 270 872 322 1012 385
 271 866 321 1010 387
 272 862 320 1009 386
 273 863 320 1012 387
 274 855 320 1007 387
 275 858 319 1011 387
 276 858 319 1011 387
 277 857 320 1011 389
 278 853 319 1009 388
 279 850 319 1006 388
 280 842 320 998 389
 281 842 318 996 387
 282 841 317 994 387
 283 840 318 991 389
 284 838 317 989 388
 285 838 316 988 387
 286 836 316 988 386
 287 835 317 987 388
 288 834 316 986 388
 289 836 316 988 388
 290 835 315 990 387
 291 834 316 990 388
 292 831 317 989 389
 293 832 315 991 389
 294 828 317 988 391
 295 826 318 987 393
 296 821 318 983 392
 297 823 318 984 393
 298 818 318 981 392
 299 817 319 981 394
 300 818 317 982 393
 301 818 318 981 394
 302 811 319 976 394
 303 809 318 974 393
 304 810 317 975 391
 305 808 318 974 391
 306 805 319 969 391
 307 808 318 971 389
 308 805 318 966 388
 309 805 318 965 388
 310 802 318 960 388
 311 803 317 959 387
 312 801 318 957 388
 313 804 317 959 388
 314 803 315 954 385
 315 800 314 950 384
 316 800 313 948 383
 317 800 313 947 383
 318 799 314 944 384
 319 801 313 944 383
 320 796 313 940 383
 321 795 314 939 384
 322 790 314 936 383
 323 788 314 935 382
 324 787 313 934 381
 325 786 313 934 381
 326 778 314 925 381
 327 774 313 921 379
 328 767 312 916 378
 329 761 313 913 377
 330 745 310 900 374
 331 743 310 899 373
 332 742 309 900 372
 333 743 308 902 371
 334 736 308 897 371
 335 733 308 896 371
 336 730 308 895 371
 337 731 308 896 371
 338 723 306 887 369
 339 723 306 884 369
 340 721 305 881 368
 341 721 304 879 367
 342 717 303 874 366
 343 715 301 871 364
 344 715 300 870 362
 345 712 300 866 362
 346 708 300 861 361
 347 708 300 859 361
 348 707 299 857 360
 349 709 298 859 359
 350 700 302 850 362
 351 702 299 849 361
 352 699 299 844 361
 353 698 297 841 359
 354 695 297 836 359
 355 697 296 836 358
 356 695 298 833 360
 357 691 298 829 360
 358 688 296 827 358
 359 688 294 828 356
 360 687 296 826 358
 361 687 295 826 358
 362 681 294 823 357
 363 678 293 819 356
 364 675 293 816 356
 365 675 292 816 355
 366 671 291 812 354
 367 672 291 812 354
 368 668 292 807 355
 369 668 289 806 352
 370 664 290 800 353
 371 668 289 803 353
 372 666 288 801 352
 373 667 288 802 352
 374 657 289 794 352
 375 659 288 793 351
 376 657 287 792 350
 377 658 288 791 351
 378 652 286 788 349
 379 652 285 788 348
 380 649 286 786 349
 381 648 284 785 347
 382 644 283 780 347
 383 644 282 779 347
 384 647 282 782 347
 385 645 283 780 347
 386 640 280 777 344
 387 639 281 777 345
 388 634 280 774 343
 389 634 279 774 343
 390 630 279 771 343
 391 630 278 771 342
 392 627 276 768 340
 393 631 276 772 340
 394 624 276 765 340
 395 625 274 765 338
 396 624 275 764 339
 397 625 276 765 339
 398 614 274 754 338
 399 621 271 758 337
 400 615 270 750 337
 401 614 271 746 337
 402 611 269 742 335
 403 612 270 742 335
 404 609 270 739 335
 405 609 268 739 333
 406 607 269 738 334
 407 606 267 737 332
 408 607 267 738 332
 409 606 268 736 333
 410 598 265 731 331
 411 601 265 735 331
 412 593 264 729 330
 413 596 264 732 330
 414 592 263 728 329
 415 591 265 728 330
 416 588 262 723 328
 417 589 263 725 329
 418 584 261 720 327
 419 585 262 723 329
 420 586 260 724 328
 421 584 259 723 327
 422 577 259 713 327
 423 577 259 714 327
 424 573 257 709 325
 425 572 259 709 326
 426 571 256 706 324
 427 571 257 706 325
 428 568 256 701 323
 429 569 257 700 324
 430 567 255 697 322
 431 569 255 698 322
 432 568 255 696 321
 433 569 255 696 321
 434 564 254 690 320
 435 564 254 689 320
 436 563 253 688 318
 437 562 253 685 318
 438 560 250 682 316
 439 560 250 682 316
 440 558 250 678 316
 441 558 250 678 316
 442 556 249 674 315
 443 556 251 674 316
 444 557 250 674 315
 445 556 250 673 315
 446 550 248 668 312
 447 551 247 668 311
 448 548 246 664 311
 449 546 245 662 309
 450 545 245 660 310
 451 546 244 660 308
 452 546 243 659 308
 453 545 243 659 307
 454 543 244 657 307
 455 542 243 654 306
 456 542 244 654 308
 457 543 242 656 306
 458 537 240 649 304
 459 537 240 647 304
 460 536 239 646 303
 461 535 240 645 303
 462 533 240 644 303
 463 532 240 643 302
 464 529 239 639 301
 465 530 238 640 300
 466 528 239 637 300
 467 528 237 637 298
 468 528 238 636 299
 469 528 238 636 299
 470 522 236 628 297
 471 522 234 628 296
 472 522 233 627 295
 473 522 233 626 296
 474 519 231 623 293
 475 520 232 624 294
 476 517 230 619 292
 477 517 230 619 292
 478 514 230 616 292
 479 514 229 617 291
 480 514 229 617 291
 481 515 230 618 292
 482 509 228 611 290
 483 508 227 610 289
 484 508 227 609 288
 485 508 226 608 287
 486 504 224 604 285
 487 505 223 605 285
 488 503 222 602 284
 489 501 222 601 284
 490 499 219 599 282
 491 499 221 599 284
 492 498 220 598 283
 493 499 220 599 283
 494 494 218 593 281
 495 496 218 595 281
 496 492 217 591 279
 497 492 217 590 279
 498 490 216 588 278
 499 490 216 588 278
 500 489 216 586 277
 501 489 217 586 278
 502 487 215 584 276
 503 487 214 584 275
 504 487 214 584 275
 505 488 214 585 275
 506 481 211 577 273
 507 481 211 577 273
 508 477 210 572 272
 509 480 209 575 271
 510 477 209 572 271
 511 478 209 573 271
 512 474 210 569 271
 513 476 208 571 269
 514 472 207 567 268
 515 474 205 569 267
 516 473 205 568 267
 517 472 205 567 268
 518 468 204 563 266
 519 468 205 562 267
 520 468 206 562 266
 521 467 205 561 265
 522 467 203 559 263
 523 466 204 558 263
 524 466 203 557 262
 525 465 203 556 262
 526 464 202 555 261
 527 464 202 555 260
 528 463 202 554 261
 529 463 202 555 261
 530 459 200 550 259
 531 458 200 549 259
 532 457 198 547 257
 533 456 198 547 257
 534 454 197 544 256
 535 452 197 542 256
 536 451 196 541 254
 537 451 196 541 254
 538 450 194 539 252
 539 449 194 539 252
 540 449 194 539 252
 541 449 194 539 252
 542 446 192 535 250
 543 444 192 533 250
 544 442 190 530 249
 545 443 189 530 248
 546 441 188 527 248
 547 442 187 528 247
 548 440 186 525 246
 549 439 187 525 248
 550 436 185 522 246
 551 437 184 523 245
 552 437 184 523 246
 553 437 183 524 245
 554 433 181 520 242
 555 431 180 518 242
 556 429 179 516 241
 557 429 178 516 240
 558 427 176 514 239
 559 428 178 515 241
 560 425 175 511 238
 561 425 177 511 240
 562 423 175 509 238
 563 423 175 509 238
 564 423 176 509 239
 565 423 175 509 238
 566 421 173 506 236
 567 419 173 504 236
 568 416 171 502 233
 569 416 171 502 233
 570 416 169 501 232
 571 414 170 500 233
 572 413 169 498 232
 573 412 168 497 231
 574 410 167 496 229
 575 411 167 497 229
 576 410 167 496 229
 577 411 167 497 229
 578 408 167 494 228
 579 406 168 493 227
 580 406 169 493 226
 581 405 169 493 225
 582 404 168 491 223
 583 403 168 490 223
 584 403 167 489 221
 585 402 167 489 221
 586 400 165 486 219
 587 400 165 485 219
 588 400 166 485 219
 589 401 165 486 218
 590 397 165 481 218
 591 397 164 482 217
 592 394 164 479 217
 593 394 163 479 216
 594 391 163 477 215
 595 392 163 479 215
 596 390 160 476 212
 597 390 161 476 212
 598 388 161 475 212
 599 387 161 474 212
 600 386 161 473 211
 601 385 161 473 211
 602 384 159 470 210
 603 383 158 468 209
 604 381 157 466 208
 605 381 156 466 207
 606 379 156 463 207
 607 380 154 464 205
 608 379 153 462 204
 609 378 153 462 204
 610 376 152 459 204
 611 375 152 457 204
 612 375 152 457 204
 613 375 152 458 204
 614 374 150 455 202
 615 372 150 453 202
 616 371 150 451 201
 617 371 150 452 201
 618 370 150 451 201
 619 370 149 451 199
 620 367 148 447 198
 621 366 148 446 198
 622 364 147 444 197
 623 364 147 445 197
 624 363 147 444 197
 625 363 146 444 197
 626 361 144 441 195
 627 360 144 440 194
 628 359 144 438 194
 629 358 144 437 194
 630 359 143 438 194
 631 357 143 436 194
 632 356 141 436 192
 633 354 141 434 192
 634 353 141 433 191
 635 354 141 433 191
 636 353 140 432 190
 637 354 141 433 190
 638 351 138 430 188
 639 350 138 429 188
 640 349 138 428 188
 641 347 137 425 187
 642 345 136 423 186
 643 344 137 422 187
 644 344 136 421 185
 645 342 136 419 185
 646 343 135 420 184
 647 342 134 419 183
 648 342 134 419 183
 649 342 135 419 183
 650 341 132 417 180
 651 340 132 415 180
 652 340 131 414 179
 653 340 131 414 179
 654 336 129 410 177
 655 337 127 409 177
 656 336 126 407 178
 657 336 126 406 178
 658 336 126 405 179
 659 335 124 404 178
 660 335 124 404 178
 661 334 125 404 179
 662 331 120 401 174
 663 331 122 400 176
 664 329 121 398 174
 665 327 121 397 174
 666 325 120 396 173
 667 325 120 396 173
 668 323 120 394 172
 669 323 119 394 171
 670 320 118 390 170
 671 320 118 390 170
 672 320 118 391 170
 673 320 118 391 170
 674 318 115 388 167
 675 318 116 388 168
 676 316 115 386 167
 677 314 115 384 167
 678 314 113 384 165
 679 314 114 383 166
 680 313 113 382 166
 681 312 113 381 166
 682 312 111 381 164
 683 312 112 381 165
 684 312 113 381 166
 685 313 112 382 164
 686 309 110 378 162
 687 307 112 377 163
 688 306 110 376 161
 689 306 110 375 162
 690 305 108 375 160
 691 306 108 375 161
 692 304 107 373 159
 693 303 107 372 159
 694 304 106 373 159
 695 301 106 369 159
 696 301 106 370 158
 697 300 106 369 158
 698 298 104 367 156
 699 297 104 366 156
 700 296 103 365 155
 701 296 103 365 155
 702 293 103 363 153
 703 293 105 364 154
 704 290 103 361 151
 705 289 104 361 151
 706 287 103 359 150
 707 287 103 359 150
 708 287 104 359 151
 709 288 104 361 150
 710 285 99 356 147
 711 286 98 355 147
 712 284 98 353 148
 713 284 97 353 147
 714 282 98 352 146
 715 281 99 352 146
 716 281 98 351 144
 717 281 97 351 143
 718 280 96 349 142
 719 281 96 349 144
 720 283 96 350 145
 721 282 95 348 144
 722 279 93 345 142
 723 279 93 344 143
 724 277 91 342 140
 725 277 91 341 141
 726 275 90 339 139
 727 276 90 340 140
 728 274 88 338 138
 729 273 89 337 138
 730 272 90 335 139
 731 272 88 335 137
 732 271 90 335 139
 733 271 89 335 138
 734 269 86 332 135
 735 268 86 330 136
 736 267 86 329 135
 737 267 87 329 136
 738 265 85 327 134
 739 264 85 326 134
 740 264 86 326 135
 741 263 84 325 132
 742 262 84 323 132
 743 262 84 323 132
 744 263 84 324 132
 745 262 84 323 132
 746 260 81 321 129
 747 258 82 319 130
 748 256 82 317 129
 749 255 81 316 129
 750 254 80 314 128
 751 254 80 314 128
 752 252 79 312 127
 753 251 79 311 127
 754 251 79 312 126
 755 251 79 312 127
 756 251 78 312 126
 757 251 78 312 126
 758 248 76 309 124
 759 247 76 308 124
 760 247 77 308 124
 761 246 77 307 124
 762 245 76 305 123
 763 245 75 305 122
 764 244 76 305 123
 765 244 76 305 123
 766 243 74 304 120
 767 243 74 304 121
 768 242 73 303 120
 769 243 74 304 121
 770 239 71 300 117
 771 239 72 300 118
 772 237 72 297 118
 773 238 71 298 117
 774 236 70 295 116
 775 236 70 295 116
 776 235 69 294 115
 777 236 68 294 115
 778 233 68 291 115
 779 233 68 292 115
 780 233 68 292 115
 781 233 66 292 113
 782 230 66 289 113
 783 230 65 289 112
 784 228 65 287 112
 785 228 65 286 112
 786 227 64 286 111
 787 227 64 285 111
 788 226 63 284 110
 789 225 63 283 110
 790 225 62 282 109
 791 225 61 282 108
 792 225 60 282 108
 793 225 60 282 108
 794 222 58 279 106
 795 222 59 279 107
 796 219 59 277 106
 797 219 59 277 106
 798 218 58 276 105
 799 218 58 276 105
 800 216 56 274 104
 801 216 56 274 104
 802 215 56 273 103
 803 215 54 273 102
 804 215 55 273 103
 805 214 55 272 103
 806 212 54 270 102
 807 212 53 270 101
 808 211 52 269 100
 809 211 52 269 100
 810 209 53 267 100
 811 208 53 266 100
 812 207 52 265 99
 813 207 52 265 99
 814 206 51 264 98
 815 207 51 264 98
 816 207 51 264 98
 817 208 51 265 98
 818 205 50 262 97
 819 205 49 261 96
 820 203 49 259 96
 821 203 49 260 97
 822 201 48 258 95
 823 201 47 258 95
 824 199 46 255 94
 825 200 47 256 95
 826 198 46 254 93
 827 198 47 254 94
 828 199 47 254 94
 829 198 46 253 93
 830 197 45 252 91
 831 196 45 251 91
 832 194 44 250 90
 833 195 44 251 90
 834 194 44 249 89
 835 194 44 249 89
 836 193 43 248 88
 837 193 43 248 88
 838 192 42 247 87
 839 191 42 246 87
 840 192 41 247 86
 841 191 42 246 87
 842 190 41 245 86
 843 189 41 244 86
 844 188 40 243 84
 845 188 40 243 84
 846 187 39 242 83
 847 186 40 241 84
 848 185 39 240 82
 849 185 39 240 82
 850 183 39 238 82
 851 186 40 241 83
 852 184 40 239 83
 853 183 39 238 82
 854 181 38 236 80
 855 181 37 236 79
 856 179 36 234 78
 857 178 36 233 79
 858 177 35 231 78
 859 179 36 233 79
 860 177 35 231 78
 861 177 35 230 78
 862 176 34 230 77
 863 176 34 230 77
 864 178 35 232 78
 865 176 34 230 77
 866 175 33 228 76
 867 174 32 227 75
 868 172 33 225 76
 869 173 32 225 75
 870 171 31 223 73
 871 171 31 223 73
 872 170 31 222 73
 873 169 32 220 74
 874 169 30 221 72
 875 168 31 220 73
 876 169 32 220 73
 877 169 31 220 72
 878 166 31 217 71
 879 166 31 217 71
 880 165 30 215 70
 881 165 30 215 70
 882 165 30 214 69
 883 165 30 214 69
 884 164 30 213 69
 885 163 29 211 68
 886 163 29 211 67
 887 164 29 211 67
 888 164 29 211 67
 889 164 29 211 67
 890 162 27 209 65
 891 161 27 208 65
 892 159 27 206 65
 893 160 27 207 65
 894 158 26 205 64
 895 158 27 204 65
 896 158 26 204 64
 897 157 26 203 64
 898 156 25 202 63
 899 156 26 202 64
 900 157 24 203 62
 901 157 25 203 63
 902 154 24 200 62
 903 154 24 200 62
 904 154 24 200 62
 905 153 23 199 61
 906 152 22 199 60
 907 152 22 199 60
 908 151 21 198 59
 909 150 22 197 60
 910 151 20 198 58
 911 150 21 197 59
 912 150 21 197 59
 913 150 21 197 59
 914 148 21 196 57
 915 147 21 195 57
 916 147 21 196 56
 917 146 20 194 56
 918 145 20 193 54
 919 146 19 193 55
 920 145 20 193 54
 921 143 20 191 55
 922 143 19 191 53
 923 143 20 191 53
 924 143 20 191 52
 925 144 20 191 54
 926 141 20 188 53
 927 141 17 188 51
 928 141 17 186 52
 929 141 15 186 51
 930 139 15 184 51
 931 139 14 184 51
 932 138 13 183 50
 933 138 13 183 50
 934 136 11 181 49
 935 137 12 182 50
 936 136 11 181 49
 937 136 12 181 50
 938 134 10 179 48
 939 134 10 179 49
 940 132 9 177 48
 941 133 9 178 48
 942 132 8 177 47
 943 133 13 180 50
 944 129 9 176 46
 945 130 9 177 46
 946 129 7 175 45
 947 129 7 175 45
 948 130 7 175 45
 949 130 7 175 46
 950 127 6 172 45
 951 127 6 172 45
 952 127 5 171 44
 953 126 5 170 44
 954 125 5 169 44
 955 126 4 170 43
 956 123 4 167 43
 957 124 3 168 43
 958 123 3 167 42
 959 122 3 166 42
 960 124 3 168 42
 961 123 3 168 42
 962 121 3 166 42
 963 122 2 167 40
 964 121 2 166 40
 965 120 2 165 40
 966 119 1 164 39
 967 118 1 163 39
 968 117 1 163 39
 969 116 0 162 38
 970 116 0 162 38
 971 116 0 162 38
 972 116 0 162 38
 973 116 0 162 38
 974 114 0 161 37
 975 114 0 161 37
 976 113 0 160 37
 977 113 -1 161 36
