410 -1 -1 -1 -1 0 528 302 626 381 
 1 530 296 628 374
 2 528 297 627 374
 3 529 295 628 372
 4 529 297 629 373
 5 530 296 630 372
 6 530 299 630 374
 7 530 299 631 374
 8 530 298 631 372
 9 529 298 631 372
 10 528 298 630 372
 11 530 300 632 374
 12 530 300 632 374
 13 531 300 632 374
 14 531 300 631 374
 15 532 301 632 375
 16 534 301 633 375
 17 534 302 633 377
 18 535 301 634 376
 19 535 301 635 376
 20 535 302 635 376
 21 535 302 635 376
 22 535 302 636 376
 23 535 302 636 377
 24 535 302 636 377
 25 536 302 637 378
 26 537 302 638 378
 27 537 304 637 380
 28 538 305 638 382
 29 539 305 639 381
 30 540 305 640 381
 31 541 305 642 381
 32 541 304 642 380
 33 540 305 642 381
 34 541 304 643 380
 35 541 306 643 382
 36 541 307 643 382
 37 543 306 644 381
 38 542 305 642 380
 39 547 307 645 382
 40 547 307 645 383
 41 548 308 646 383
 42 549 308 647 383
 43 550 310 648 385
 44 552 309 650 385
 45 552 309 651 385
 46 553 309 652 386
 47 555 310 653 387
 48 557 311 655 388
 49 560 312 658 389
 50 563 311 662 389
 51 566 312 664 390
 52 567 312 665 391
 53 568 313 667 392
 54 567 313 667 392
 55 568 314 668 392
 56 570 316 671 394
 57 569 314 671 393
 58 569 314 672 393
 59 569 314 672 393
 60 570 315 673 393
 61 570 316 672 394
 62 571 317 672 395
 63 575 316 676 395
 64 577 317 679 396
 65 578 318 682 396
 66 580 317 685 396
 67 583 318 688 398
 68 582 319 688 400
 69 583 318 689 401
 70 585 318 692 402
 71 587 320 693 404
 72 589 321 696 406
 73 592 320 699 406
 74 592 320 700 407
 75 595 323 703 410
 76 599 325 706 413
 77 601 325 708 416
 78 602 325 710 418
 79 605 326 714 421
 80 604 325 715 421
 81 603 326 715 423
 82 604 325 717 422
 83 610 326 722 423
 84 612 325 726 422
 85 614 327 730 424
 86 615 326 733 423
 87 617 328 736 425
 88 615 327 737 424
 89 619 329 741 426
 90 620 328 743 424
 91 623 329 745 425
 92 626 330 747 425
 93 628 331 749 426
 94 625 329 752 418
 95 627 331 758 414
 96 626 334 759 413
 97 633 335 766 412
 98 638 338 771 414
 99 643 338 776 413
 100 645 338 777 411
 101 648 339 780 411
 102 650 341 781 411
 103 664 342 796 412
 104 666 342 798 412
 105 664 343 796 413
 106 667 342 797 412
 107 679 346 808 415
 108 679 347 807 415
 109 683 346 812 414
 110 684 347 814 415
 111 686 349 817 416
 112 689 349 820 416
 113 688 350 820 417
 114 691 351 822 417
 115 693 350 824 416
 116 703 352 834 418
 117 692 350 824 416
 118 701 352 833 418
 119 696 349 825 415
 120 697 349 825 414
 121 698 349 823 413
 122 700 349 823 412
 123 707 351 829 414
 124 708 349 829 412
 125 711 350 829 413
 126 712 350 829 413
 127 715 352 830 414
 128 718 351 832 413
 129 714 352 827 413
 130 717 352 829 412
 131 714 354 825 413
 132 719 354 827 413
 133 737 354 842 415
 134 734 354 837 415
 135 741 355 842 419
 136 745 353 843 420
 137 821 362 919 433
 138 830 362 926 435
 139 836 363 932 435
 140 835 361 931 434
 141 834 361 931 434
 142 834 361 931 435
 143 846 362 946 432
 144 847 363 948 432
 145 857 375 959 440
 146 857 375 959 437
 147 864 376 966 437
 148 864 375 967 435
 149 872 376 975 435
 150 871 375 974 434
 151 878 374 982 433
 152 874 372 978 432
 153 866 370 973 430
 154 872 371 980 431
 155 834 363 942 424
 156 829 363 938 424
 157 843 363 954 423
 158 843 364 956 424
 159 842 356 957 415
 160 841 357 957 415
 161 846 357 962 415
 162 848 357 964 415
 163 855 356 970 414
 164 855 356 968 415
 165 854 357 966 416
 166 854 357 965 415
 167 874 358 983 418
 168 943 341 1043 409
 169 948 338 1041 411
 170 950 335 1039 411
 171 950 334 1036 411
 172 951 331 1035 409
 173 952 330 1035 408
 174 952 338 1035 416
 175 952 334 1035 412
 176 952 333 1035 411
 177 952 333 1035 411
 178 952 332 1035 410
 179 954 331 1036 411
 180 955 332 1037 413
 181 958 332 1039 414
 182 958 333 1039 416
 183 949 334 1025 421
 184 959 334 1035 421
 185 950 332 1022 422
 186 950 330 1020 422
 187 961 331 1032 422
 188 961 331 1033 421
 189 962 331 1035 420
 190 961 331 1035 420
 191 960 330 1035 418
 192 960 329 1035 416
 193 960 328 1036 414
 194 959 326 1036 412
 195 960 325 1037 410
 196 959 332 1036 417
 197 958 320 1036 404
 198 958 322 1036 405
 199 958 321 1037 403
 200 959 321 1038 403
 201 957 322 1037 403
 202 957 322 1037 403
 203 957 321 1037 401
 204 957 322 1038 401
 205 957 322 1038 401
 206 958 322 1039 401
 207 957 323 1038 401
 208 956 323 1038 401
 209 956 324 1038 401
 210 957 323 1039 400
 211 957 324 1039 401
 212 956 323 1038 399
 213 956 324 1038 400
 214 957 324 1039 400
 215 957 323 1039 399
 216 957 325 1040 400
 217 957 324 1039 399
 218 957 325 1040 400
 219 957 325 1040 400
 220 957 325 1040 400
 221 958 324 1041 399
 222 957 324 1040 399
 223 956 324 1039 399
 224 955 324 1038 398
 225 956 324 1039 398
 226 956 324 1038 398
 227 956 324 1038 398
 228 955 324 1037 398
 229 956 325 1038 399
 230 957 324 1039 398
 231 957 325 1039 399
 232 957 324 1039 398
 233 957 324 1038 398
 234 957 324 1038 398
 235 957 324 1038 398
 236 957 324 1038 398
 237 957 325 1038 398
 238 957 325 1037 398
 239 957 325 1037 398
 240 957 325 1037 398
 241 956 324 1036 397
 242 956 324 1036 397
 243 958 325 1038 398
 244 957 324 1037 397
 245 958 325 1037 398
 246 958 324 1037 397
 247 958 324 1037 397
 248 958 324 1037 397
 249 958 325 1037 398
 250 958 324 1037 397
 251 958 323 1037 396
 252 959 324 1037 397
 253 959 324 1037 397
 254 959 324 1037 397
 255 958 324 1036 397
 256 958 324 1036 396
 257 959 324 1037 396
 258 958 323 1036 395
 259 959 323 1037 395
 260 959 324 1037 396
 261 959 324 1037 396
 262 960 324 1037 396
 263 959 324 1036 396
 264 960 324 1037 396
 265 960 324 1037 396
 266 960 323 1037 395
 267 960 324 1037 396
 268 960 324 1037 396
 269 960 324 1037 396
 270 960 324 1037 396
 271 959 324 1036 396
 272 959 325 1036 397
 273 959 324 1036 396
 274 959 324 1036 396
 275 959 323 1035 395
 276 959 323 1035 395
 277 960 324 1036 396
 278 960 324 1036 396
 279 960 324 1036 396
 280 959 324 1035 396
 281 960 324 1036 396
 282 960 323 1036 395
 283 959 323 1035 395
 284 959 324 1035 396
 285 960 324 1035 396
 286 960 324 1035 396
 287 960 324 1035 396
 288 961 324 1036 396
 289 961 324 1036 396
 290 960 324 1035 396
 291 961 323 1036 395
 292 961 324 1036 396
 293 960 324 1035 396
 294 960 324 1035 396
 295 960 324 1035 396
 296 960 324 1035 396
 297 961 324 1036 396
 298 960 324 1035 396
 299 960 324 1035 396
 300 960 324 1035 396
 301 960 323 1035 395
 302 961 324 1036 396
 303 960 324 1035 396
 304 960 324 1035 396
 305 960 324 1035 396
 306 961 324 1036 396
 307 961 323 1036 395
 308 960 324 1035 396
 309 960 324 1035 396
 310 961 324 1036 396
 311 960 324 1035 396
 312 960 324 1035 396
 313 961 324 1035 396
 314 961 323 1035 395
 315 960 324 1034 396
 316 960 324 1034 396
 317 959 323 1034 395
 318 960 324 1035 396
 319 960 324 1035 396
 320 960 324 1034 396
 321 960 323 1035 395
 322 960 324 1035 396
 323 960 324 1035 396
 324 960 324 1035 396
 325 960 324 1035 396
 326 961 324 1036 396
 327 960 324 1035 396
 328 960 324 1035 396
 329 960 324 1035 396
 330 960 324 1035 396
 331 960 324 1035 396
 332 960 324 1035 396
 333 961 324 1036 396
 334 960 324 1035 396
 335 961 324 1036 396
 336 960 324 1035 396
 337 960 324 1035 396
 338 960 324 1035 396
 339 960 324 1035 396
 340 961 324 1036 396
 341 960 324 1035 396
 342 961 324 1036 396
 343 961 324 1036 396
 344 960 324 1035 396
 345 961 323 1036 395
 346 961 324 1036 397
 347 961 323 1036 396
 348 961 324 1036 397
 349 960 324 1035 397
 350 960 324 1035 397
 351 960 323 1035 395
 352 960 323 1035 395
 353 960 324 1035 396
 354 960 323 1035 395
 355 960 323 1035 395
 356 960 323 1034 395
 357 959 324 1033 396
 358 960 324 1034 396
 359 960 323 1034 395
 360 959 323 1033 395
 361 960 324 1034 396
 362 960 323 1034 395
 363 960 323 1034 395
 364 960 323 1034 395
 365 960 323 1034 395
 366 959 324 1033 396
 367 959 324 1033 396
 368 960 324 1034 396
 369 960 323 1034 395
 370 960 323 1034 395
 371 959 323 1033 395
 372 961 324 1034 396
 373 961 323 1034 395
 374 960 323 1033 395
 375 961 324 1034 396
 376 961 323 1034 395
 377 961 323 1034 395
 378 960 323 1033 395
 379 961 329 1034 401
 380 960 327 1033 399
 381 960 326 1033 398
 382 960 326 1033 398
 383 960 325 1033 397
 384 959 324 1032 396
 385 960 326 1033 397
 386 959 326 1033 397
 387 959 326 1033 397
 388 959 326 1033 397
 389 959 325 1033 396
 390 960 331 1033 402
 391 959 329 1032 400
 392 959 328 1032 399
 393 960 326 1033 398
 394 959 326 1032 397
 395 960 326 1033 397
 396 960 326 1033 397
 397 960 326 1033 397
 398 959 326 1033 397
 399 959 326 1033 397
 400 959 326 1033 397
 401 959 326 1033 397
 402 959 327 1033 398
 403 961 326 1034 397
 404 959 325 1033 396
 405 959 326 1033 397
 406 959 326 1033 397
 407 960 327 1034 398
 408 958 325 1032 396
 409 959 326 1033 397
