1028 -1 -1 -1 -1 0 107 487 326 574 
 1 106 492 322 575
 2 105 493 318 574
 3 110 491 321 571
 4 112 492 324 571
 5 115 492 325 571
 6 114 493 324 571
 7 118 493 327 570
 8 118 493 326 570
 9 121 492 326 569
 10 122 492 324 568
 11 127 492 330 567
 12 128 492 330 567
 13 129 491 330 565
 14 128 491 327 565
 15 134 491 334 566
 16 139 491 338 565
 17 144 492 342 565
 18 147 492 344 565
 19 150 492 345 565
 20 150 491 343 564
 21 154 489 344 562
 22 155 489 345 562
 23 160 487 348 560
 24 162 487 349 560
 25 164 486 349 558
 26 164 487 349 558
 27 167 487 349 558
 28 170 487 349 558
 29 174 486 350 556
 30 177 485 350 555
 31 181 486 351 557
 32 186 486 355 557
 33 192 486 359 557
 34 193 481 361 550
 35 196 485 360 554
 36 199 479 362 546
 37 200 483 361 551
 38 198 478 360 544
 39 216 482 377 549
 40 217 475 380 540
 41 220 479 383 545
 42 220 481 382 548
 43 235 474 402 538
 44 230 479 400 543
 45 236 479 404 545
 46 234 472 404 536
 47 238 477 407 541
 48 239 478 405 544
 49 240 472 406 537
 50 239 475 405 540
 51 248 477 411 543
 52 252 477 413 545
 53 254 472 416 538
 54 257 475 417 541
 55 261 474 415 543
 56 262 475 414 545
 57 264 471 416 538
 58 269 472 417 540
 59 276 473 419 542
 60 278 471 418 541
 61 279 471 417 541
 62 281 472 417 541
 63 285 471 418 540
 64 288 470 419 539
 65 291 469 419 539
 66 294 469 420 540
 67 298 469 421 540
 68 299 462 422 531
 69 302 464 423 533
 70 305 465 424 535
 71 306 464 422 534
 72 307 469 420 542
 73 309 460 421 531
 74 310 461 422 531
 75 308 475 416 549
 76 313 462 420 534
 77 316 462 423 533
 78 319 460 425 530
 79 323 461 429 530
 80 315 461 421 529
 81 317 461 423 529
 82 368 455 482 518
 83 365 455 484 515
 84 365 457 490 514
 85 366 458 494 513
 86 366 459 498 512
 87 359 459 493 511
 88 427 462 561 515
 89 435 462 570 516
 90 424 451 564 503
 91 418 451 564 501
 92 415 451 565 499
 93 423 451 576 499
 94 433 463 584 515
 95 422 451 580 501
 96 417 452 582 501
 97 419 452 588 501
 98 414 452 586 501
 99 426 451 600 501
 100 425 452 601 503
 101 426 451 606 503
 102 428 451 611 504
 103 425 450 611 504
 104 426 451 613 506
 105 428 450 615 507
 106 428 449 616 507
 107 435 448 622 507
 108 434 448 621 507
 109 434 447 621 507
 110 434 446 621 507
 111 454 452 641 515
 112 457 451 642 517
 113 463 450 647 517
 114 459 446 642 512
 115 468 447 649 514
 116 472 449 651 516
 117 476 447 654 514
 118 478 448 655 515
 119 484 446 660 513
 120 485 446 659 513
 121 488 446 661 512
 122 488 446 661 512
 123 494 443 667 509
 124 494 442 666 509
 125 496 441 668 508
 126 498 440 670 507
 127 502 440 672 507
 128 504 440 673 507
 129 509 437 678 505
 130 509 439 677 506
 131 514 437 682 506
 132 515 437 681 505
 133 515 437 681 505
 134 517 437 682 505
 135 525 435 689 503
 136 527 436 691 503
 137 532 435 697 502
 138 532 434 695 500
 139 536 434 697 500
 140 538 433 697 499
 141 540 431 698 498
 142 540 432 698 498
 143 547 429 704 495
 144 549 428 704 494
 145 551 430 706 496
 146 550 429 705 495
 147 556 427 710 493
 148 562 427 715 493
 149 568 426 720 493
 150 568 427 720 494
 151 571 424 723 492
 152 572 424 724 492
 153 576 422 728 490
 154 577 422 729 490
 155 583 422 736 490
 156 582 421 735 489
 157 583 422 736 490
 158 581 422 733 489
 159 587 418 738 485
 160 586 416 736 484
 161 591 415 740 483
 162 593 415 740 483
 163 594 413 739 481
 164 595 413 739 482
 165 599 413 742 481
 166 600 413 743 481
 167 605 411 747 478
 168 606 411 746 478
 169 607 411 745 478
 170 608 411 745 478
 171 613 407 750 473
 172 610 408 746 475
 173 615 409 750 476
 174 622 408 754 475
 175 623 406 754 473
 176 624 405 754 473
 177 626 405 756 474
 178 629 404 759 473
 179 631 401 760 471
 180 634 398 760 470
 181 643 387 766 464
 182 631 398 756 474
 183 637 388 763 464
 184 636 390 763 467
 185 649 380 773 461
 186 647 379 770 463
 187 645 372 768 459
 188 644 374 767 463
 189 651 377 774 466
 190 646 376 770 465
 191 645 369 771 459
 192 644 373 772 464
 193 642 373 771 464
 194 651 372 778 464
 195 644 373 773 462
 196 648 373 778 460
 197 643 373 774 458
 198 648 373 778 457
 199 652 372 783 455
 200 646 372 777 454
 201 644 372 775 453
 202 643 371 773 451
 203 644 370 773 450
 204 643 370 773 448
 205 643 371 773 448
 206 642 372 772 449
 207 643 371 773 447
 208 645 369 774 446
 209 645 368 773 445
 210 645 367 773 443
 211 645 368 774 443
 212 645 368 774 443
 213 644 368 774 442
 214 644 368 774 442
 215 644 367 775 441
 216 644 369 776 442
 217 644 367 775 441
 218 644 367 776 441
 219 643 365 776 439
 220 642 367 776 440
 221 642 366 777 438
 222 642 367 778 438
 223 641 365 777 437
 224 641 363 777 435
 225 648 356 783 428
 226 644 360 780 432
 227 643 363 779 435
 228 642 357 781 430
 229 640 361 778 434
 230 641 362 780 435
 231 640 356 779 429
 232 639 358 778 431
 233 645 356 781 430
 234 641 357 778 431
 235 641 356 776 431
 236 639 356 774 430
 237 646 348 780 422
 238 643 353 777 427
 239 642 354 775 428
 240 641 354 774 428
 241 646 353 776 428
 242 643 354 774 429
 243 643 349 776 424
 244 641 352 774 427
 245 647 349 778 425
 246 642 350 772 426
 247 641 351 771 426
 248 646 349 773 425
 249 643 349 770 424
 250 640 348 768 423
 251 637 345 770 417
 252 643 347 774 419
 253 639 349 771 421
 254 637 346 772 416
 255 634 346 768 417
 256 633 346 767 417
 257 639 344 774 413
 258 636 345 769 414
 259 633 343 770 410
 260 631 344 767 412
 261 634 341 770 407
 262 633 344 767 411
 263 632 341 765 409
 264 637 340 768 409
 265 634 341 765 409
 266 633 342 765 410
 267 634 338 766 405
 268 630 340 763 407
 269 632 336 766 402
 270 630 338 764 405
 271 630 335 763 403
 272 631 335 764 403
 273 631 336 764 404
 274 630 335 764 404
 275 629 334 762 403
 276 628 334 761 403
 277 632 333 763 403
 278 630 333 761 403
 279 626 328 760 397
 280 625 330 759 399
 281 624 329 758 398
 282 625 328 760 397
 283 623 326 758 396
 284 623 327 758 396
 285 621 325 756 394
 286 618 324 754 392
 287 617 323 753 391
 288 617 322 754 390
 289 615 323 753 390
 290 613 324 752 391
 291 613 322 752 389
 292 619 322 756 389
 293 616 320 753 387
 294 612 320 750 386
 295 620 319 755 386
 296 617 317 752 384
 297 616 314 751 380
 298 622 317 754 382
 299 619 315 750 380
 300 625 315 753 380
 301 623 315 749 380
 302 621 316 748 380
 303 621 312 747 375
 304 619 312 744 375
 305 617 310 741 373
 306 616 311 740 373
 307 615 311 739 374
 308 616 309 740 372
 309 616 308 739 372
 310 613 308 737 372
 311 613 308 737 372
 312 611 308 736 373
 313 611 307 736 372
 314 609 307 735 372
 315 607 304 732 369
 316 605 305 731 370
 317 604 301 729 367
 318 610 302 732 369
 319 608 300 729 367
 320 607 301 728 367
 321 606 299 727 365
 322 606 300 727 366
 323 604 297 724 363
 324 604 299 724 364
 325 603 299 723 364
 326 602 298 722 363
 327 601 295 720 360
 328 601 295 719 360
 329 601 295 719 359
 330 600 295 718 359
 331 598 293 715 357
 332 595 292 713 356
 333 593 292 712 355
 334 593 291 711 354
 335 591 290 709 352
 336 590 289 708 351
 337 590 290 707 351
 338 590 290 707 351
 339 589 288 705 349
 340 588 287 703 349
 341 587 285 702 347
 342 586 286 701 347
 343 584 285 699 346
 344 582 285 697 346
 345 582 282 696 342
 346 583 282 696 342
 347 581 282 693 342
 348 579 281 691 341
 349 580 281 692 341
 350 580 281 692 341
 351 579 278 690 338
 352 578 279 689 339
 353 577 278 687 338
 354 577 278 686 338
 355 575 277 685 336
 356 574 276 684 336
 357 573 275 683 335
 358 571 275 681 336
 359 570 274 680 335
 360 569 275 679 336
 361 569 275 680 336
 362 568 274 680 335
 363 565 271 677 332
 364 566 272 677 333
 365 563 268 673 330
 366 563 269 673 331
 367 561 268 672 329
 368 560 268 671 328
 369 559 267 669 328
 370 558 267 668 328
 371 556 265 666 326
 372 555 264 665 324
 373 556 265 666 326
 374 556 264 666 325
 375 554 262 663 323
 376 552 262 661 322
 377 550 261 658 321
 378 550 261 657 321
 379 550 259 657 319
 380 548 260 656 319
 381 546 258 652 318
 382 546 258 651 318
 383 545 257 650 317
 384 544 258 649 317
 385 544 257 649 317
 386 544 258 648 317
 387 542 256 647 314
 388 539 256 644 314
 389 538 256 643 314
 390 537 254 642 312
 391 534 253 639 311
 392 533 253 638 311
 393 531 252 636 310
 394 530 251 635 309
 395 528 250 633 309
 396 526 250 632 309
 397 527 250 634 309
 398 525 249 633 308
 399 523 246 632 305
 400 521 246 630 305
 401 519 246 629 305
 402 519 245 628 303
 403 516 245 625 303
 404 516 244 625 302
 405 514 243 622 301
 406 515 242 622 300
 407 511 241 618 299
 408 510 242 618 299
 409 511 242 619 299
 410 511 242 619 299
 411 509 240 616 297
 412 506 240 613 296
 413 505 240 611 296
 414 506 239 611 295
 415 505 239 610 294
 416 504 238 609 293
 417 502 236 606 292
 418 502 236 606 292
 419 499 235 603 291
 420 498 236 602 291
 421 498 236 603 291
 422 498 236 603 291
 423 495 229 599 285
 424 497 231 600 287
 425 494 231 597 287
 426 493 232 597 287
 427 492 231 596 286
 428 491 231 595 286
 429 490 230 593 285
 430 489 230 591 284
 431 488 228 590 282
 432 488 228 590 282
 433 489 228 590 282
 434 488 228 589 282
 435 484 223 583 278
 436 484 225 583 280
 437 482 224 580 278
 438 482 224 581 277
 439 484 224 583 277
 440 481 223 579 276
 441 482 223 580 276
 442 481 222 578 275
 443 477 220 573 274
 444 477 219 573 273
 445 477 220 573 274
 446 476 220 572 274
 447 473 215 570 269
 448 473 217 570 272
 449 470 216 567 271
 450 469 215 567 269
 451 468 215 566 269
 452 467 215 565 269
 453 465 213 562 267
 454 464 212 562 266
 455 461 212 559 266
 456 460 212 559 267
 457 461 211 560 266
 458 461 212 560 267
 459 458 208 557 263
 460 458 209 557 264
 461 454 207 552 262
 462 452 208 551 262
 463 449 206 549 260
 464 448 207 549 261
 465 447 207 548 260
 466 446 207 547 260
 467 445 205 546 258
 468 447 204 545 258
 469 445 204 544 258
 470 448 204 545 259
 471 444 201 541 255
 472 441 202 539 255
 473 440 202 538 254
 474 441 202 540 254
 475 438 200 537 252
 476 437 201 536 252
 477 434 200 534 251
 478 433 201 534 251
 479 431 199 532 249
 480 430 199 531 249
 481 429 199 530 249
 482 429 199 530 249
 483 433 198 532 248
 484 431 196 529 247
 485 429 197 527 247
 486 428 195 525 245
 487 433 194 528 245
 488 427 193 522 244
 489 423 193 519 244
 490 421 194 519 244
 491 420 193 518 242
 492 420 193 518 242
 493 424 191 519 241
 494 422 191 517 241
 495 419 189 513 239
 496 419 188 514 238
 497 416 187 510 237
 498 416 187 510 237
 499 413 186 507 236
 500 413 185 507 235
 501 411 183 505 233
 502 411 184 505 234
 503 409 182 503 232
 504 413 182 505 233
 505 411 182 503 233
 506 410 182 503 233
 507 412 181 504 233
 508 409 179 500 231
 509 406 181 499 232
 510 406 179 499 230
 511 404 178 498 229
 512 404 178 497 229
 513 400 175 494 226
 514 399 174 494 224
 515 396 174 492 224
 516 395 174 492 224
 517 393 174 491 224
 518 397 173 495 223
 519 395 170 492 221
 520 393 170 490 221
 521 390 168 487 219
 522 392 167 489 218
 523 389 166 486 218
 524 386 168 485 219
 525 383 166 483 217
 526 382 166 483 217
 527 379 166 481 217
 528 378 165 481 216
 529 376 164 480 215
 530 375 164 480 215
 531 373 163 478 214
 532 370 162 476 213
 533 371 160 478 212
 534 370 159 477 211
 535 367 158 474 211
 536 366 159 474 212
 537 365 157 472 210
 538 362 157 470 210
 539 362 156 471 209
 540 361 156 472 209
 541 359 156 471 208
 542 358 156 471 208
 543 355 155 469 207
 544 354 154 468 206
 545 352 153 466 205
 546 351 153 466 205
 547 349 153 465 204
 548 348 152 464 204
 549 353 151 468 203
 550 350 151 465 203
 551 348 150 463 202
 552 347 149 462 201
 553 356 149 469 201
 554 352 149 465 201
 555 349 148 462 200
 556 348 149 462 200
 557 333 148 451 197
 558 342 149 460 198
 559 327 149 449 196
 560 337 149 458 196
 561 322 148 446 194
 562 327 148 452 193
 563 320 148 447 192
 564 316 148 446 191
 565 313 148 445 190
 566 319 148 452 190
 567 312 148 445 189
 568 304 147 440 188
 569 308 146 443 187
 570 303 146 439 187
 571 304 145 440 186
 572 300 145 437 186
 573 301 143 438 183
 574 304 143 440 184
 575 297 142 434 183
 576 300 142 437 183
 577 304 142 441 183
 578 299 142 436 183
 579 291 141 428 182
 580 292 140 429 181
 581 292 138 428 180
 582 293 137 429 179
 583 287 139 424 180
 584 288 138 426 179
 585 291 137 428 178
 586 285 137 423 178
 587 277 137 415 178
 588 280 136 419 177
 589 282 135 421 176
 590 277 135 416 176
 591 281 133 420 174
 592 286 132 424 174
 593 284 130 421 172
 594 289 129 426 171
 595 284 129 420 172
 596 283 128 418 171
 597 280 126 415 170
 598 278 126 412 170
 599 277 125 411 170
 600 284 124 417 169
 601 281 122 413 168
 602 281 123 412 169
 603 277 122 408 169
 604 276 122 407 169
 605 274 121 405 168
 606 273 122 404 169
 607 268 121 399 167
 608 271 120 403 166
 609 270 119 402 165
 610 266 118 398 164
 611 262 118 395 164
 612 269 118 402 164
 613 267 119 400 164
 614 264 119 397 164
 615 324 119 460 163
 616 329 121 467 164
 617 323 121 463 163
 618 327 121 469 163
 619 331 123 475 164
 620 326 110 469 153
 621 328 111 472 153
 622 319 113 465 155
 623 319 114 467 156
 624 320 114 470 156
 625 320 115 472 157
 626 322 115 476 157
 627 316 115 471 158
 628 320 115 475 158
 629 313 114 470 157
 630 316 113 474 156
 631 309 113 468 156
 632 311 111 471 155
 633 303 110 464 154
 634 308 109 466 156
 635 313 107 469 156
 636 306 105 461 155
 637 307 105 464 154
 638 308 105 464 155
 639 302 105 457 156
 640 305 104 459 156
 641 309 105 462 158
 642 312 104 464 157
 643 302 103 456 155
 644 306 104 459 157
 645 309 105 464 157
 646 300 104 456 155
 647 305 104 460 156
 648 296 104 452 155
 649 299 104 457 155
 650 303 104 460 156
 651 295 104 451 157
 652 298 103 455 155
 653 298 104 458 155
 654 299 104 460 154
 655 291 102 451 153
 656 296 101 455 154
 657 296 100 457 152
 658 296 100 458 152
 659 298 101 462 152
 660 288 99 453 150
 661 289 98 455 149
 662 287 98 454 148
 663 287 97 454 147
 664 287 96 455 146
 665 279 95 448 145
 666 281 95 450 145
 667 279 95 448 145
 668 278 94 448 144
 669 277 94 447 144
 670 278 95 448 144
 671 278 94 449 143
 672 276 93 447 142
 673 274 93 445 142
 674 273 93 444 142
 675 272 92 443 141
 676 268 92 440 140
 677 267 91 439 139
 678 265 92 437 140
 679 267 91 439 139
 680 267 91 439 139
 681 267 91 439 139
 682 266 91 438 139
 683 264 91 436 139
 684 251 90 422 139
 685 262 90 434 138
 686 267 101 438 150
 687 269 98 440 148
 688 270 96 441 147
 689 260 92 430 144
 690 262 91 431 143
 691 262 89 432 141
 692 259 88 429 140
 693 259 88 429 140
 694 259 87 429 139
 695 259 86 429 138
 696 257 86 427 138
 697 256 86 425 139
 698 255 86 424 139
 699 256 85 424 138
 700 253 85 421 138
 701 251 85 419 139
 702 253 85 420 139
 703 254 84 421 138
 704 251 84 417 138
 705 251 84 417 139
 706 252 84 418 139
 707 252 83 417 138
 708 227 69 392 123
 709 228 68 393 122
 710 228 68 393 122
 711 229 66 394 120
 712 227 67 393 120
 713 227 65 393 118
 714 223 65 389 118
 715 223 65 388 118
 716 224 64 389 117
 717 222 64 387 116
 718 222 64 387 116
 719 221 64 386 116
 720 221 64 386 116
 721 222 64 387 116
 722 220 64 384 116
 723 229 53 392 106
 724 224 55 387 108
 725 223 55 386 108
 726 222 56 385 109
 727 220 56 383 108
 728 227 57 390 109
 729 223 57 385 109
 730 219 57 382 109
 731 226 57 389 109
 732 221 57 384 109
 733 219 58 382 109
 734 216 59 379 110
 735 224 58 387 109
 736 224 58 387 109
 737 221 57 383 108
 738 221 57 383 108
 739 221 57 383 107
 740 231 57 392 107
 741 225 57 386 107
 742 223 57 383 107
 743 221 57 381 107
 744 221 58 381 107
 745 220 59 380 108
 746 227 58 386 107
 747 222 58 381 107
 748 222 58 381 106
 749 218 58 377 106
 750 214 57 373 105
 751 223 57 382 105
 752 219 58 378 105
 753 213 57 373 104
 754 224 56 383 103
 755 220 56 379 103
 756 215 56 374 103
 757 212 55 371 102
 758 220 55 379 102
 759 215 55 374 102
 760 210 55 369 102
 761 215 55 374 102
 762 211 54 370 101
 763 206 54 365 101
 764 202 54 361 101
 765 199 54 358 100
 766 197 53 357 99
 767 207 53 366 99
 768 214 55 373 101
 769 208 55 367 101
 770 205 55 364 101
 771 199 54 359 100
 772 198 53 358 99
 773 205 53 365 99
 774 200 54 360 99
 775 199 54 359 99
 776 205 55 365 100
 777 202 55 362 100
 778 199 55 359 100
 779 198 53 358 98
 780 195 53 356 98
 781 204 54 365 99
 782 200 54 361 99
 783 199 54 360 98
 784 196 54 357 98
 785 195 53 356 97
 786 194 54 355 98
 787 203 54 364 98
 788 200 54 361 98
 789 198 54 359 98
 790 195 53 356 97
 791 204 53 365 98
 792 202 53 363 98
 793 197 53 358 98
 794 193 52 355 97
 795 193 51 355 96
 796 202 51 364 96
 797 201 51 363 96
 798 199 51 361 96
 799 197 51 359 96
 800 194 51 356 96
 801 192 50 354 95
 802 171 36 332 81
 803 170 35 330 81
 804 171 35 331 81
 805 170 35 329 82
 806 169 34 328 81
 807 166 23 324 71
 808 164 25 322 73
 809 177 37 334 86
 810 177 37 333 86
 811 178 36 333 86
 812 178 35 333 85
 813 178 35 332 85
 814 175 24 329 75
 815 172 24 325 76
 816 171 24 323 76
 817 170 24 322 76
 818 169 25 321 77
 819 170 26 321 79
 820 171 26 322 79
 821 172 26 323 79
 822 172 26 323 79
 823 172 26 323 79
 824 171 26 321 79
 825 171 26 321 79
 826 170 25 320 78
 827 169 26 319 79
 828 170 25 320 79
 829 170 26 320 79
 830 170 26 320 79
 831 167 26 318 79
 832 169 26 320 79
 833 157 25 309 77
 834 156 24 309 76
 835 165 26 318 77
 836 165 26 318 77
 837 165 26 318 78
 838 165 26 318 78
 839 163 27 316 78
 840 164 27 317 78
 841 165 28 318 79
 842 162 27 316 78
 843 164 28 317 79
 844 165 28 318 79
 845 165 29 318 80
 846 165 29 318 80
 847 160 19 314 70
 848 166 21 320 72
 849 160 22 316 72
 850 158 23 315 73
 851 156 23 314 73
 852 167 24 325 74
 853 163 25 320 76
 854 157 26 315 76
 855 154 26 313 76
 856 152 26 311 76
 857 159 27 319 76
 858 157 27 317 77
 859 159 28 319 78
 860 159 29 319 78
 861 158 29 319 78
 862 159 30 320 79
 863 158 31 319 80
 864 152 20 314 69
 865 140 20 302 69
 866 161 21 324 69
 867 159 22 322 70
 868 156 23 320 71
 869 141 12 305 60
 870 130 13 295 61
 871 133 15 298 62
 872 134 16 299 63
 873 127 15 293 62
 874 130 15 296 62
 875 132 16 298 63
 876 125 14 292 60
 877 128 15 295 61
 878 130 14 297 60
 879 132 15 299 61
 880 124 14 292 60
 881 126 15 294 60
 882 128 15 296 60
 883 132 16 300 61
 884 125 15 294 60
 885 129 15 298 60
 886 129 15 299 59
 887 122 14 292 58
 888 125 14 295 58
 889 128 14 299 58
 890 130 14 301 58
 891 124 13 295 57
 892 127 13 298 57
 893 128 13 300 57
 894 129 14 301 58
 895 122 13 294 57
 896 127 12 299 56
 897 120 10 293 54
 898 125 9 297 53
 899 115 8 288 52
 900 121 8 294 52
 901 123 8 296 53
 902 124 8 298 53
 903 114 8 289 53
 904 116 8 291 53
 905 119 8 294 53
 906 119 8 294 53
 907 119 8 295 53
 908 118 8 294 53
 909 119 8 296 53
 910 107 7 284 52
 911 108 7 287 52
 912 110 7 290 52
 913 112 6 292 51
 914 114 6 294 51
 915 114 7 295 52
 916 112 6 293 51
 917 112 6 294 51
 918 112 6 295 51
 919 109 6 293 51
 920 110 6 295 51
 921 108 6 294 51
 922 109 6 295 51
 923 109 6 296 51
 924 107 6 295 51
 925 109 6 297 51
 926 107 7 296 52
 927 108 6 297 51
 928 108 6 297 51
 929 108 6 298 51
 930 109 7 300 52
 931 98 6 289 51
 932 99 6 291 51
 933 102 5 295 50
 934 105 5 298 50
 935 107 6 300 51
 936 95 4 289 50
 937 97 4 291 50
 938 100 4 294 50
 939 102 4 297 50
 940 103 5 298 51
 941 105 5 300 51
 942 105 6 300 52
 943 105 6 300 52
 944 105 7 300 53
 945 103 7 299 54
 946 104 7 300 54
 947 104 7 301 54
 948 104 7 301 54
 949 104 7 301 54
 950 105 7 302 54
 951 95 5 292 52
 952 99 6 296 53
 953 100 6 297 53
 954 101 6 298 53
 955 102 6 299 53
 956 101 6 299 53
 957 103 6 301 53
 958 91 5 289 52
 959 93 5 291 52
 960 96 5 294 52
 961 99 5 297 53
 962 98 5 296 53
 963 95 5 294 53
 964 94 5 293 53
 965 96 5 295 53
 966 94 5 293 53
 967 95 4 294 52
 968 84 5 283 53
 969 67 5 266 53
 970 84 5 283 53
 971 83 5 282 54
 972 84 5 283 54
 973 84 5 283 54
 974 68 5 267 54
 975 83 5 282 54
 976 84 6 283 55
 977 84 6 284 55
 978 85 5 285 54
 979 85 6 285 55
 980 85 5 285 54
 981 87 6 287 55
 982 88 6 288 55
 983 89 6 289 55
 984 89 7 289 56
 985 89 6 289 55
 986 90 7 291 56
 987 90 7 291 56
 988 90 6 291 55
 989 90 7 291 56
 990 90 6 291 55
 991 90 7 292 56
 992 89 7 291 56
 993 89 7 291 56
 994 90 7 292 56
 995 90 6 292 55
 996 89 7 292 56
 997 88 7 291 56
 998 88 7 291 56
 999 87 7 290 56
 1000 89 7 292 56
 1001 86 6 290 55
 1002 86 5 290 55
 1003 86 6 290 56
 1004 86 5 290 55
 1005 85 6 289 56
 1006 85 6 290 56
 1007 85 6 290 56
 1008 84 7 289 57
 1009 85 6 290 56
 1010 85 6 290 56
 1011 85 6 290 56
 1012 83 6 288 56
 1013 82 5 288 55
 1014 79 5 285 55
 1015 76 6 282 56
 1016 75 6 281 56
 1017 72 5 278 55
 1018 68 5 274 55
 1019 85 5 291 55
 1020 84 5 290 56
 1021 81 6 288 57
 1022 77 6 284 57
 1023 75 6 282 57
 1024 73 6 280 57
 1025 69 6 276 57
 1026 68 6 275 57
 1027 66 6 273 57
