337 -1 -1 -1 -1 0 224 270 310 346 
 1 223 266 307 344
 2 224 264 308 344
 3 224 264 308 344
 4 226 264 310 347
 5 226 264 310 348
 6 229 265 312 350
 7 228 266 312 351
 8 229 266 312 352
 9 230 267 313 353
 10 231 267 315 353
 11 232 269 315 355
 12 232 270 316 355
 13 232 270 317 355
 14 233 270 317 356
 15 233 270 317 356
 16 233 271 317 357
 17 235 272 319 359
 18 238 273 321 360
 19 237 273 320 361
 20 238 273 321 361
 21 238 276 322 363
 22 238 277 322 365
 23 239 278 323 365
 24 239 279 323 365
 25 239 282 323 367
 26 240 283 325 368
 27 240 284 325 368
 28 242 287 327 371
 29 240 289 326 372
 30 242 290 328 372
 31 244 291 329 373
 32 245 294 330 375
 33 245 295 330 376
 34 246 297 330 377
 35 246 299 331 378
 36 246 300 331 378
 37 247 300 332 378
 38 247 302 332 380
 39 247 302 332 380
 40 248 304 332 382
 41 248 304 332 382
 42 248 306 332 385
 43 250 307 333 386
 44 250 308 332 387
 45 250 307 332 387
 46 251 308 332 388
 47 252 308 333 388
 48 252 308 333 388
 49 253 308 334 388
 50 252 309 332 390
 51 252 310 332 391
 52 254 312 334 393
 53 254 312 333 394
 54 254 313 333 395
 55 253 314 333 395
 56 253 315 333 396
 57 253 315 333 396
 58 254 317 334 398
 59 253 317 333 397
 60 253 317 333 397
 61 252 317 332 397
 62 253 318 333 398
 63 253 318 333 398
 64 253 322 333 401
 65 252 321 332 400
 66 252 324 332 403
 67 252 324 332 403
 68 252 324 332 404
 69 252 324 332 404
 70 251 326 332 407
 71 252 326 333 407
 72 252 324 333 406
 73 252 325 333 407
 74 250 326 332 408
 75 249 327 331 410
 76 249 329 331 412
 77 249 329 332 413
 78 249 331 332 416
 79 249 330 332 416
 80 247 332 330 419
 81 245 330 329 418
 82 244 332 328 420
 83 244 333 329 422
 84 242 333 328 422
 85 243 333 330 422
 86 242 332 329 422
 87 242 334 329 424
 88 237 337 325 427
 89 236 338 326 428
 90 233 338 324 430
 91 232 341 324 432
 92 229 341 323 433
 93 230 341 324 433
 94 228 344 324 435
 95 227 343 323 434
 96 227 343 323 435
 97 227 343 324 435
 98 225 346 322 437
 99 225 345 323 436
 100 221 347 321 438
 101 218 348 320 439
 102 216 349 319 440
 103 216 350 319 441
 104 213 350 318 441
 105 211 350 317 442
 106 211 350 318 442
 107 209 351 318 443
 108 208 352 317 444
 109 206 353 315 445
 110 205 354 315 446
 111 205 354 316 446
 112 201 357 314 450
 113 198 356 313 450
 114 196 358 313 453
 115 193 358 311 453
 116 189 359 309 454
 117 189 358 310 454
 118 186 361 309 456
 119 184 360 307 456
 120 183 360 307 456
 121 182 360 307 456
 122 179 361 304 457
 123 179 361 305 457
 124 173 366 301 462
 125 170 367 298 464
 126 168 368 297 465
 127 166 367 296 465
 128 164 369 295 467
 129 162 369 293 467
 130 160 370 292 469
 131 158 370 292 469
 132 157 370 291 470
 133 157 369 291 469
 134 154 369 290 469
 135 155 370 291 471
 136 150 371 288 472
 137 146 371 286 472
 138 142 371 284 473
 139 139 371 283 473
 140 139 370 284 474
 141 137 371 284 476
 142 131 366 276 472
 143 132 369 278 475
 144 133 369 279 476
 145 134 368 281 476
 146 125 368 272 476
 147 127 369 275 477
 148 116 372 265 480
 149 118 372 269 480
 150 108 372 259 480
 151 111 374 263 482
 152 101 374 253 483
 153 115 384 275 487
 154 91 382 256 482
 155 95 385 263 483
 156 88 384 258 481
 157 103 387 277 482
 158 80 381 247 483
 159 86 386 257 485
 160 81 390 257 487
 161 79 388 256 484
 162 66 392 244 487
 163 68 393 247 488
 164 62 394 243 488
 165 60 395 241 490
 166 54 396 236 490
 167 53 396 235 491
 168 54 396 234 491
 169 54 395 233 491
 170 48 399 229 494
 171 45 398 226 492
 172 34 404 217 498
 173 26 406 211 498
 174 21 408 208 500
 175 18 408 206 500
 176 13 410 204 503
 177 10 410 200 502
 178 6 412 196 505
 179 6 412 195 505
 180 3 411 192 503
 181 7 412 194 504
 182 0 415 188 507
 183 0 415 187 507
 184 -2 416 181 508
 185 -1 419 181 510
 186 -1 419 177 508
 187 0 420 176 509
 188 -1 422 173 510
 189 -2 423 170 510
 190 -4 425 167 510
 191 -5 426 165 510
 192 -3 426 166 509
 193 -2 427 166 510
 194 -3 428 164 511
 195 -2 427 165 509
 196 -11 429 150 512
 197 -7 429 152 512
 198 -13 431 143 513
 199 -8 431 146 512
 200 -13 431 138 511
 201 -8 431 142 510
 202 -15 431 131 509
 203 -11 432 132 509
 204 -13 434 128 511
 205 -8 429 132 505
 206 -5 429 127 510
 207 -2 430 125 513
 208 -4 429 115 514
 209 -2 428 112 514
 210 -3 429 105 515
 211 -2 429 102 515
 212 -3 431 96 516
 213 -4 432 92 516
 214 -6 434 86 517
 215 -6 435 84 516
 216 -5 436 83 516
 217 -4 438 83 516
 218 -7 439 77 516
 219 -6 440 75 516
 220 -11 447 64 522
 221 -9 446 61 520
 222 -8 445 56 520
 223 -6 444 54 519
 224 -8 443 47 518
 225 -5 443 46 518
 226 -10 444 38 520
 227 -7 444 37 522
 228 -4 445 37 520
 229 -3 446 37 519
 230 -7 444 30 518
