402 -1 -1 -1 -1 0 1523 713 1774 858 
 1 1531 715 1776 858
 2 1521 712 1758 850
 3 1528 714 1763 852
 4 1522 706 1752 844
 5 1521 704 1749 843
 6 1523 705 1750 843
 7 1524 704 1751 842
 8 1499 696 1716 828
 9 1503 695 1722 828
 10 1495 688 1711 822
 11 1494 688 1711 824
 12 1484 680 1698 816
 13 1483 682 1698 818
 14 1475 674 1688 810
 15 1475 678 1687 812
 16 1469 673 1678 807
 17 1466 676 1674 808
 18 1468 675 1675 806
 19 1468 678 1673 809
 20 1456 671 1652 797
 21 1459 673 1652 800
 22 1455 663 1648 789
 23 1453 665 1645 790
 24 1434 659 1624 782
 25 1436 662 1628 783
 26 1425 658 1615 774
 27 1427 655 1617 771
 28 1416 654 1604 765
 29 1416 649 1606 761
 30 1413 652 1605 765
 31 1413 650 1606 763
 32 1400 644 1585 754
 33 1396 642 1581 750
 34 1385 638 1571 745
 35 1385 638 1571 745
 36 1376 633 1560 739
 37 1376 634 1561 740
 38 1371 629 1554 734
 39 1369 629 1552 736
 40 1363 625 1544 730
 41 1361 624 1543 730
 42 1362 624 1545 731
 43 1361 624 1544 731
 44 1350 617 1528 724
 45 1354 614 1535 722
 46 1345 611 1522 718
 47 1346 611 1524 718
 48 1338 607 1514 714
 49 1339 606 1515 714
 50 1334 604 1507 710
 51 1336 602 1511 707
 52 1327 599 1502 704
 53 1327 599 1502 704
 54 1326 600 1502 705
 55 1327 599 1504 704
 56 1315 592 1488 695
 57 1315 591 1490 695
 58 1308 587 1480 691
 59 1309 586 1482 691
 60 1303 582 1476 687
 61 1302 582 1473 686
 62 1296 579 1468 683
 63 1298 578 1469 683
 64 1294 574 1463 678
 65 1294 575 1461 678
 66 1294 575 1460 678
 67 1296 576 1461 679
 68 1288 568 1449 670
 69 1285 568 1447 671
 70 1281 565 1442 667
 71 1282 565 1442 666
 72 1278 562 1438 663
 73 1276 562 1436 663
 74 1274 559 1431 660
 75 1276 559 1431 659
 76 1273 557 1424 655
 77 1273 557 1426 655
 78 1272 556 1425 654
 79 1273 557 1428 655
 80 1264 552 1416 649
 81 1265 553 1417 649
 82 1262 548 1412 644
 83 1261 550 1413 645
 84 1259 546 1409 642
 85 1260 545 1411 641
 86 1256 544 1407 639
 87 1257 543 1406 637
 88 1254 540 1403 634
 89 1253 540 1399 634
 90 1254 540 1401 634
 91 1254 540 1401 634
 92 1250 536 1394 629
 93 1250 535 1395 628
 94 1248 530 1391 624
 95 1248 528 1392 622
 96 1246 525 1390 619
 97 1245 523 1391 617
 98 1242 521 1390 615
 99 1240 520 1388 615
 100 1239 517 1386 613
 101 1235 517 1381 613
 102 1239 516 1385 612
 103 1236 517 1382 613
 104 1236 512 1378 608
 105 1236 511 1375 607
 106 1237 509 1374 608
 107 1236 508 1372 609
 108 1236 505 1371 608
 109 1237 506 1371 609
 110 1233 501 1365 605
 111 1234 501 1364 606
 112 1235 497 1363 604
 113 1236 498 1363 605
 114 1237 497 1364 605
 115 1237 496 1363 604
 116 1238 489 1363 597
 117 1236 490 1362 598
 118 1236 486 1361 596
 119 1236 487 1360 596
 120 1235 486 1358 595
 121 1237 485 1360 593
 122 1236 481 1357 589
 123 1234 481 1356 589
 124 1235 480 1355 589
 125 1236 480 1355 588
 126 1236 481 1354 588
 127 1235 481 1353 587
 128 1235 474 1352 579
 129 1235 475 1352 579
 130 1236 474 1352 578
 131 1236 473 1350 577
 132 1237 473 1350 576
 133 1237 473 1348 574
 134 1237 470 1346 572
 135 1238 472 1347 573
 136 1239 470 1346 570
 137 1238 469 1344 569
 138 1238 469 1344 569
 139 1238 470 1344 570
 140 1239 468 1344 566
 141 1239 467 1344 565
 142 1241 465 1345 563
 143 1241 465 1345 564
 144 1243 465 1346 562
 145 1244 463 1347 560
 146 1245 462 1347 559
 147 1244 460 1346 558
 148 1245 458 1347 556
 149 1246 458 1348 556
 150 1247 458 1348 556
 151 1247 458 1348 557
 152 1249 455 1349 554
 153 1251 453 1351 552
 154 1253 453 1353 552
 155 1255 452 1355 550
 156 1256 452 1356 550
 157 1257 453 1357 550
 158 1261 450 1361 547
 159 1260 449 1360 547
 160 1261 447 1362 545
 161 1263 445 1364 544
 162 1255 446 1356 545
 163 1257 447 1359 546
 164 1262 445 1364 542
 165 1265 443 1367 540
 166 1270 442 1373 539
 167 1263 443 1367 539
 168 1271 436 1377 534
 169 1266 439 1372 537
 170 1264 439 1371 536
 171 1270 439 1378 536
 172 1267 438 1376 534
 173 1261 442 1375 531
 174 1270 439 1382 531
 175 1267 439 1378 531
 176 1275 431 1386 525
 177 1273 431 1383 528
 178 1280 431 1392 528
 179 1276 429 1389 527
 180 1283 427 1398 525
 181 1279 427 1394 526
 182 1284 424 1401 524
 183 1279 424 1397 524
 184 1285 424 1405 524
 185 1285 423 1407 523
 186 1281 422 1402 523
 187 1278 424 1399 525
 188 1286 425 1410 519
 189 1283 429 1410 518
 190 1292 430 1420 515
 191 1294 432 1424 514
 192 1297 431 1428 511
 193 1296 431 1427 511
 194 1300 430 1433 509
 195 1301 429 1434 507
 196 1299 430 1430 507
 197 1305 428 1438 505
 198 1304 429 1438 505
 199 1305 428 1439 505
 200 1310 428 1444 504
 201 1307 426 1440 502
 202 1313 425 1447 501
 203 1315 425 1449 501
 204 1317 424 1451 500
 205 1313 423 1447 499
 206 1320 423 1454 499
 207 1321 424 1457 499
 208 1325 422 1461 498
 209 1320 420 1458 496
 210 1324 422 1462 498
 211 1320 420 1459 496
 212 1329 418 1467 494
 213 1327 418 1465 493
 214 1333 418 1470 493
 215 1330 416 1466 491
 216 1337 414 1472 490
 217 1333 414 1466 490
 218 1338 414 1470 491
 219 1342 414 1474 491
 220 1348 412 1478 490
 221 1342 411 1470 489
 222 1347 405 1471 490
 223 1340 408 1466 490
 224 1353 402 1474 489
 225 1350 400 1468 490
 226 1360 396 1475 489
 227 1358 395 1472 489
 228 1368 384 1482 482
 229 1365 384 1480 484
 230 1381 373 1500 476
 231 1386 361 1514 468
 232 1383 360 1518 473
 233 1380 360 1522 476
 234 1379 360 1525 479
 235 1376 359 1524 481
 236 1380 358 1531 482
 237 1378 353 1532 478
 238 1379 347 1534 472
 239 1378 354 1536 481
 240 1381 350 1538 476
 241 1378 351 1538 481
 242 1379 348 1538 475
 243 1380 350 1539 479
 244 1382 346 1541 473
 245 1383 350 1541 477
 246 1382 345 1542 471
 247 1384 349 1543 476
 248 1385 350 1544 479
 249 1386 347 1546 474
 250 1390 351 1549 478
 251 1391 345 1548 471
 252 1390 351 1547 477
 253 1388 346 1546 470
 254 1385 342 1544 466
 255 1387 349 1546 473
 256 1382 339 1545 459
 257 1382 349 1546 468
 258 1379 341 1546 455
 259 1378 347 1549 456
 260 1371 335 1544 440
 261 1361 338 1537 439
 262 1373 345 1550 444
 263 1372 348 1549 446
 264 1366 342 1546 437
 265 1356 342 1538 434
 266 1371 347 1554 439
 267 1370 349 1552 441
 268 1369 350 1551 442
 269 1366 344 1548 435
 270 1340 344 1526 431
 271 1349 345 1536 428
 272 1358 345 1545 425
 273 1361 347 1547 426
 274 1364 350 1546 429
 275 1368 350 1547 431
 276 1369 350 1546 433
 277 1370 350 1547 435
 278 1368 348 1546 434
 279 1366 349 1545 435
 280 1368 349 1547 437
 281 1366 342 1544 428
 282 1368 346 1547 429
 283 1364 346 1544 427
 284 1359 348 1537 428
 285 1363 349 1542 430
 286 1366 348 1545 430
 287 1366 349 1544 432
 288 1366 348 1543 433
 289 1368 349 1545 434
 290 1368 350 1545 435
 291 1369 348 1546 435
 292 1368 347 1545 435
 293 1367 348 1545 436
 294 1367 349 1545 438
 295 1364 343 1541 430
 296 1356 345 1534 426
 297 1361 348 1539 428
 298 1365 348 1543 428
 299 1369 348 1544 429
 300 1369 347 1545 429
 301 1370 346 1547 430
 302 1369 348 1546 433
 303 1369 348 1546 434
 304 1365 343 1544 428
 305 1364 347 1542 431
 306 1366 347 1544 431
 307 1368 348 1546 433
 308 1367 349 1546 434
 309 1368 349 1547 435
 310 1365 343 1545 428
 311 1365 348 1545 432
 312 1365 348 1546 433
 313 1366 348 1547 434
 314 1369 349 1550 436
 315 1366 342 1548 427
 316 1367 345 1549 430
 317 1359 347 1539 431
 318 1365 347 1546 432
 319 1367 347 1548 433
 320 1369 348 1550 435
 321 1367 340 1550 427
 322 1358 344 1539 429
 323 1356 345 1535 429
 324 1354 345 1530 428
 325 1360 346 1536 428
 326 1364 347 1542 430
 327 1360 347 1537 429
 328 1365 347 1543 430
 329 1360 347 1538 430
 330 1366 346 1545 430
 331 1360 345 1539 429
 332 1357 344 1534 428
 333 1363 346 1541 429
 334 1358 346 1535 429
 335 1356 345 1532 428
 336 1355 345 1530 428
 337 1360 347 1536 429
 338 1364 346 1541 429
 339 1356 345 1533 429
 340 1360 344 1537 428
 341 1356 344 1530 428
 342 1355 344 1526 427
 343 1361 346 1532 429
 344 1364 346 1536 429
 345 1359 346 1530 429
 346 1364 345 1536 429
 347 1367 344 1540 429
 348 1360 343 1534 427
 349 1366 344 1540 428
 350 1359 344 1534 426
 351 1366 345 1542 428
 352 1361 346 1536 429
 353 1356 345 1530 428
 354 1364 344 1537 428
 355 1358 344 1533 427
 356 1357 344 1530 427
 357 1365 345 1538 428
 358 1398 315 1569 403
 359 1371 333 1543 421
 360 1375 335 1548 424
 361 1365 334 1539 423
 362 1361 335 1534 424
 363 1379 318 1551 412
 364 1378 320 1552 415
 365 1380 320 1555 416
 366 1382 320 1554 423
 367 1382 320 1556 423
 368 1369 322 1541 428
 369 1371 322 1544 427
 370 1374 321 1549 425
 371 1374 307 1550 411
 372 1371 313 1549 416
 373 1371 314 1549 417
 374 1371 315 1550 418
 375 1369 315 1548 419
 376 1371 315 1550 419
 377 1368 316 1548 420
 378 1370 315 1550 419
 379 1368 315 1549 419
 380 1360 314 1534 423
 381 1366 315 1539 421
 382 1360 317 1530 421
 383 1365 317 1536 420
 384 1365 317 1538 420
 385 1364 317 1538 420
 386 1363 317 1537 420
 387 1363 318 1537 421
 388 1364 317 1538 420
 389 1364 318 1538 421
 390 1364 317 1539 420
 391 1365 318 1540 421
 392 1362 318 1538 420
 393 1357 317 1532 419
 394 1360 317 1533 419
 395 1361 318 1534 419
 396 1358 317 1530 417
 397 1359 320 1532 419
 398 1359 318 1532 418
 399 1354 310 1524 415
 400 1359 312 1529 416
 401 1358 315 1528 417
