853 -1 -1 -1 -1 0 1423 351 1553 418 
 1 1421 351 1551 419
 2 1419 351 1550 420
 3 1418 350 1549 419
 4 1414 350 1546 419
 5 1416 350 1548 419
 6 1411 350 1543 419
 7 1411 351 1543 420
 8 1411 351 1543 420
 9 1412 351 1544 420
 10 1406 353 1539 422
 11 1404 354 1538 423
 12 1403 353 1537 422
 13 1402 354 1536 423
 14 1397 354 1531 423
 15 1400 354 1535 423
 16 1392 354 1528 422
 17 1394 354 1530 422
 18 1391 355 1528 423
 19 1390 354 1526 422
 20 1391 354 1527 422
 21 1390 354 1526 422
 22 1385 355 1522 423
 23 1380 354 1518 422
 24 1378 356 1516 424
 25 1379 356 1517 424
 26 1371 358 1509 425
 27 1375 358 1514 425
 28 1370 358 1508 424
 29 1371 358 1511 424
 30 1367 358 1506 424
 31 1366 357 1507 423
 32 1366 357 1507 423
 33 1365 357 1507 424
 34 1357 358 1499 425
 35 1357 359 1499 426
 36 1353 358 1495 425
 37 1351 358 1494 425
 38 1348 359 1491 427
 39 1348 359 1491 426
 40 1344 359 1486 426
 41 1343 360 1485 427
 42 1341 360 1483 427
 43 1341 360 1483 427
 44 1340 360 1482 427
 45 1340 361 1482 428
 46 1335 360 1477 427
 47 1334 361 1476 428
 48 1330 361 1472 428
 49 1331 362 1473 430
 50 1327 360 1470 428
 51 1326 361 1468 430
 52 1323 360 1466 428
 53 1322 362 1465 431
 54 1317 360 1461 429
 55 1316 362 1461 431
 56 1317 362 1462 431
 57 1317 362 1462 431
 58 1312 363 1456 432
 59 1311 362 1455 431
 60 1307 362 1450 432
 61 1305 362 1449 432
 62 1302 362 1445 432
 63 1301 363 1445 433
 64 1298 362 1441 432
 65 1297 363 1441 433
 66 1293 364 1437 434
 67 1292 364 1437 434
 68 1291 364 1437 435
 69 1291 364 1438 435
 70 1283 364 1429 435
 71 1283 365 1429 436
 72 1279 365 1424 436
 73 1278 366 1425 437
 74 1274 366 1420 436
 75 1275 368 1421 439
 76 1273 367 1418 437
 77 1272 368 1417 438
 78 1270 367 1414 437
 79 1269 367 1413 437
 80 1271 367 1414 437
 81 1269 367 1412 437
 82 1263 367 1406 437
 83 1258 370 1400 439
 84 1259 370 1402 439
 85 1257 370 1399 439
 86 1255 370 1397 439
 87 1251 370 1393 439
 88 1252 371 1395 440
 89 1248 371 1390 439
 90 1249 372 1391 440
 91 1248 370 1391 438
 92 1248 371 1390 439
 93 1241 371 1383 439
 94 1242 373 1385 441
 95 1235 370 1378 438
 96 1236 372 1380 440
 97 1234 374 1378 441
 98 1234 374 1379 441
 99 1229 372 1374 439
 100 1230 374 1375 441
 101 1226 373 1371 440
 102 1228 374 1373 441
 103 1228 374 1373 441
 104 1228 374 1373 441
 105 1221 374 1366 441
 106 1221 375 1366 442
 107 1217 374 1362 441
 108 1219 376 1364 443
 109 1213 375 1358 442
 110 1215 375 1360 442
 111 1210 376 1355 443
 112 1211 376 1356 443
 113 1206 375 1351 442
 114 1209 377 1354 444
 115 1208 376 1353 443
 116 1207 377 1352 443
 117 1202 376 1347 442
 118 1202 377 1347 443
 119 1199 377 1344 443
 120 1199 378 1344 444
 121 1196 376 1341 442
 122 1197 378 1342 444
 123 1192 376 1337 442
 124 1194 378 1338 445
 125 1191 377 1334 444
 126 1192 378 1335 445
 127 1191 378 1335 445
 128 1190 378 1335 444
 129 1191 379 1336 445
 130 1185 377 1329 444
 131 1186 378 1331 445
 132 1182 378 1327 445
 133 1183 377 1328 444
 134 1178 377 1323 444
 135 1180 378 1324 446
 136 1178 377 1322 444
 137 1177 378 1321 445
 138 1176 378 1319 445
 139 1174 380 1318 447
 140 1176 378 1321 445
 141 1170 379 1314 446
 142 1169 380 1313 447
 143 1167 379 1311 446
 144 1167 379 1311 447
 145 1164 380 1308 447
 146 1164 379 1309 446
 147 1162 380 1307 447
 148 1161 379 1307 446
 149 1159 380 1305 447
 150 1159 381 1306 448
 151 1159 381 1306 448
 152 1159 381 1306 448
 153 1155 379 1301 447
 154 1153 380 1300 448
 155 1154 380 1301 447
 156 1150 380 1296 447
 157 1148 381 1294 448
 158 1148 380 1295 448
 159 1146 379 1292 447
 160 1146 381 1293 449
 161 1146 380 1293 448
 162 1146 380 1293 448
 163 1146 381 1293 449
 164 1147 380 1294 448
 165 1145 379 1292 447
 166 1141 380 1288 448
 167 1142 380 1289 448
 168 1137 381 1284 449
 169 1138 381 1286 449
 170 1134 380 1281 448
 171 1135 381 1283 449
 172 1133 381 1281 449
 173 1133 381 1282 449
 174 1132 381 1282 449
 175 1130 382 1280 449
 176 1133 382 1284 449
 177 1130 380 1280 448
 178 1128 381 1278 449
 179 1130 381 1281 449
 180 1127 380 1278 449
 181 1123 381 1274 450
 182 1123 381 1275 450
 183 1120 380 1272 449
 184 1122 380 1275 450
 185 1119 380 1272 450
 186 1119 379 1272 449
 187 1119 379 1272 449
 188 1119 380 1272 451
 189 1118 379 1272 449
 190 1117 378 1272 449
 191 1115 377 1271 448
 192 1115 376 1270 449
 193 1113 376 1266 449
 194 1114 375 1266 449
 195 1111 375 1262 450
 196 1112 375 1263 450
 197 1112 375 1261 450
 198 1113 376 1262 451
 199 1110 377 1258 452
 200 1112 377 1260 452
 201 1109 376 1257 452
 202 1109 375 1256 451
 203 1110 376 1257 452
 204 1109 376 1256 452
 205 1107 377 1256 453
 206 1106 377 1257 453
 207 1101 380 1253 455
 208 1102 378 1254 453
 209 1101 378 1252 453
 210 1101 377 1251 452
 211 1104 379 1253 454
 212 1103 378 1252 453
 213 1099 379 1249 454
 214 1099 377 1249 453
 215 1097 376 1248 452
 216 1098 376 1249 452
 217 1094 378 1245 454
 218 1096 378 1246 454
 219 1092 376 1241 453
 220 1093 376 1242 453
 221 1093 375 1243 452
 222 1092 374 1241 452
 223 1093 374 1243 453
 224 1092 373 1241 452
 225 1092 372 1241 452
 226 1086 376 1235 454
 227 1087 377 1237 455
 228 1082 377 1232 454
 229 1083 379 1233 456
 230 1080 379 1229 456
 231 1080 379 1230 456
 232 1079 379 1228 456
 233 1081 380 1230 457
 234 1080 379 1229 455
 235 1080 380 1228 456
 236 1080 382 1229 457
 237 1077 381 1227 456
 238 1077 382 1227 457
 239 1075 381 1225 456
 240 1074 382 1224 457
 241 1072 382 1222 457
 242 1072 383 1223 458
 243 1070 383 1221 458
 244 1070 383 1221 458
 245 1068 383 1219 458
 246 1068 384 1219 459
 247 1068 384 1218 459
 248 1068 384 1219 459
 249 1065 384 1215 459
 250 1066 384 1215 458
 251 1067 385 1216 459
 252 1067 384 1216 458
 253 1067 385 1216 458
 254 1062 384 1213 458
 255 1062 384 1213 458
 256 1059 385 1211 459
 257 1060 385 1212 460
 258 1059 385 1212 460
 259 1059 385 1212 460
 260 1057 384 1211 459
 261 1057 383 1210 459
 262 1054 385 1208 460
 263 1052 385 1206 459
 264 1054 386 1208 460
 265 1053 386 1207 460
 266 1053 387 1207 460
 267 1053 387 1207 460
 268 1052 387 1207 460
 269 1051 387 1206 460
 270 1050 387 1204 461
 271 1053 388 1206 461
 272 1052 387 1205 461
 273 1050 386 1204 460
 274 1049 386 1203 460
 275 1048 387 1203 461
 276 1049 387 1204 461
 277 1048 386 1203 460
 278 1047 386 1202 460
 279 1047 386 1202 461
 280 1046 386 1202 461
 281 1044 386 1200 461
 282 1044 386 1199 461
 283 1044 386 1199 461
 284 1045 385 1199 461
 285 1042 386 1197 461
 286 1042 387 1197 462
 287 1041 387 1197 462
 288 1040 386 1196 461
 289 1040 387 1196 462
 290 1039 386 1196 461
 291 1039 387 1195 462
 292 1039 387 1195 462
 293 1037 386 1193 461
 294 1037 387 1193 462
 295 1037 387 1193 461
 296 1038 387 1194 461
 297 1036 387 1192 461
 298 1034 386 1190 461
 299 1033 388 1189 463
 300 1033 387 1188 462
 301 1034 385 1189 461
 302 1033 388 1188 463
 303 1033 386 1188 462
 304 1031 387 1185 463
 305 1030 385 1184 461
 306 1030 386 1184 462
 307 1030 386 1184 462
 308 1031 387 1184 463
 309 1031 386 1184 462
 310 1029 387 1182 463
 311 1028 386 1181 463
 312 1028 387 1181 464
 313 1027 386 1181 463
 314 1026 387 1180 464
 315 1027 387 1181 464
 316 1026 387 1179 464
 317 1025 387 1178 463
 318 1024 386 1176 463
 319 1025 387 1178 464
 320 1024 387 1176 464
 321 1024 388 1176 464
 322 1022 387 1174 464
 323 1023 388 1175 465
 324 1022 387 1174 464
 325 1021 388 1174 465
 326 1019 388 1171 465
 327 1021 387 1173 464
 328 1018 390 1170 466
 329 1018 388 1171 464
 330 1017 387 1169 464
 331 1019 388 1170 465
 332 1016 387 1168 464
 333 1017 388 1169 465
 334 1016 387 1169 464
 335 1015 387 1167 465
 336 1015 387 1167 465
 337 1013 387 1164 465
 338 1014 387 1164 465
 339 1013 387 1164 466
 340 1014 387 1165 466
 341 1013 386 1164 465
 342 1014 386 1164 465
 343 1014 386 1165 465
 344 1013 387 1164 466
 345 1012 388 1165 466
 346 1011 388 1163 466
 347 1009 388 1161 467
 348 1010 387 1162 466
 349 1010 387 1163 466
 350 1009 386 1162 466
 351 1010 387 1163 467
 352 1010 386 1165 466
 353 1010 385 1166 465
 354 1008 385 1165 465
 355 1008 386 1165 466
 356 1007 385 1164 465
 357 1003 384 1160 464
 358 1004 382 1160 463
 359 1003 380 1158 462
 360 1003 380 1158 463
 361 1000 380 1154 463
 362 1001 381 1155 464
 363 1001 380 1156 462
 364 999 382 1154 465
 365 999 383 1153 465
 366 1002 384 1156 465
 367 1000 385 1155 466
 368 1001 385 1156 465
 369 998 386 1152 466
 370 999 388 1152 467
 371 997 388 1150 467
 372 996 389 1150 468
 373 995 390 1150 469
 374 994 389 1151 468
 375 994 387 1150 467
 376 994 387 1150 467
 377 994 387 1150 467
 378 996 387 1151 467
 379 996 387 1150 467
 380 995 389 1149 468
 381 995 389 1149 468
 382 996 389 1150 468
 383 996 390 1149 469
 384 995 390 1147 469
 385 995 390 1147 468
 386 994 389 1146 467
 387 993 390 1145 468
 388 995 389 1146 467
 389 994 389 1145 468
 390 994 389 1145 468
 391 995 389 1145 468
 392 994 389 1145 468
 393 992 391 1144 469
 394 994 390 1146 468
 395 994 391 1146 469
 396 994 391 1146 469
 397 993 391 1145 469
 398 994 391 1145 469
 399 994 391 1145 469
 400 994 391 1145 469
 401 992 391 1144 469
 402 993 391 1144 469
 403 993 391 1144 469
 404 991 392 1143 469
 405 990 393 1142 470
 406 989 392 1141 470
 407 989 392 1141 470
 408 988 393 1140 470
 409 989 392 1141 470
 410 988 393 1141 470
 411 988 392 1141 470
 412 988 392 1141 470
 413 988 393 1141 471
 414 987 393 1140 470
 415 987 392 1140 470
 416 987 392 1140 470
 417 987 392 1140 470
 418 984 393 1138 470
 419 984 394 1138 471
 420 983 394 1137 471
 421 982 393 1137 470
 422 982 393 1136 470
 423 983 394 1136 471
 424 981 394 1135 471
 425 981 394 1135 471
 426 982 395 1135 472
 427 981 394 1134 471
 428 982 394 1135 471
 429 981 395 1134 472
 430 979 394 1132 471
 431 980 394 1133 471
 432 977 395 1131 471
 433 976 394 1130 470
 434 977 395 1130 471
 435 976 395 1129 472
 436 975 395 1127 472
 437 974 395 1126 472
 438 974 396 1126 472
 439 975 395 1126 471
 440 976 396 1127 472
 441 973 396 1125 472
 442 971 394 1123 470
 443 971 396 1123 472
 444 970 395 1122 471
 445 970 396 1122 472
 446 969 396 1121 472
 447 968 396 1120 472
 448 969 396 1120 472
 449 968 396 1119 472
 450 967 395 1118 471
 451 968 396 1119 472
 452 968 395 1118 471
 453 965 397 1116 473
 454 964 395 1115 471
 455 963 397 1114 473
 456 962 397 1113 472
 457 961 399 1112 474
 458 961 397 1112 472
 459 961 398 1111 473
 460 960 398 1111 473
 461 961 399 1111 474
 462 959 398 1109 473
 463 958 398 1108 473
 464 959 399 1109 474
 465 958 398 1108 473
 466 955 399 1105 474
 467 956 399 1105 474
 468 954 399 1103 474
 469 954 400 1103 475
 470 952 400 1101 474
 471 951 400 1100 474
 472 950 401 1099 475
 473 949 401 1099 476
 474 947 401 1097 475
 475 947 401 1097 475
 476 947 402 1097 476
 477 946 402 1096 476
 478 945 401 1094 475
 479 945 402 1094 476
 480 943 402 1092 476
 481 944 402 1093 476
 482 941 402 1091 476
 483 942 403 1091 477
 484 940 402 1089 477
 485 940 403 1089 478
 486 938 403 1087 478
 487 938 404 1087 479
 488 937 403 1086 479
 489 938 402 1086 478
 490 935 402 1082 478
 491 934 403 1082 480
 492 933 403 1081 480
 493 934 403 1081 480
 494 931 404 1079 481
 495 931 404 1078 481
 496 930 404 1077 482
 497 927 404 1074 482
 498 926 404 1072 482
 499 925 404 1071 483
 500 925 404 1071 483
 501 923 403 1068 483
 502 922 404 1066 484
 503 921 405 1065 485
 504 919 404 1063 485
 505 918 404 1062 485
 506 918 405 1063 486
 507 918 406 1062 487
 508 916 405 1060 486
 509 915 406 1059 487
 510 914 405 1058 487
 511 913 406 1057 488
 512 913 406 1057 487
 513 912 407 1055 488
 514 910 407 1053 488
 515 908 408 1051 489
 516 906 409 1050 490
 517 904 410 1048 491
 518 906 408 1049 489
 519 904 410 1047 491
 520 904 408 1047 490
 521 902 410 1044 492
 522 902 409 1044 491
 523 902 409 1045 491
 524 902 410 1045 493
 525 901 410 1044 493
 526 898 409 1040 492
 527 898 411 1040 494
 528 895 411 1037 494
 529 894 412 1035 495
 530 893 411 1034 493
 531 893 412 1034 494
 532 892 413 1033 494
 533 890 414 1030 495
 534 889 414 1029 495
 535 888 414 1028 495
 536 888 414 1028 495
 537 886 415 1026 496
 538 884 415 1024 496
 539 884 416 1024 497
 540 882 415 1022 497
 541 879 416 1019 497
 542 878 416 1017 498
 543 875 417 1015 499
 544 875 417 1014 499
 545 876 416 1015 498
 546 874 417 1012 499
 547 874 417 1012 499
 548 874 418 1012 500
 549 873 418 1011 499
 550 869 419 1007 500
 551 868 421 1006 502
 552 868 420 1005 502
 553 867 421 1003 503
 554 866 421 1001 503
 555 866 421 1001 503
 556 863 422 998 504
 557 860 423 995 505
 558 859 423 993 506
 559 859 423 994 506
 560 859 423 994 507
 561 855 423 989 507
 562 855 425 989 509
 563 854 424 987 508
 564 854 425 986 509
 565 853 424 985 508
 566 852 425 984 509
 567 850 425 982 509
 568 849 426 981 510
 569 847 427 978 514
 570 845 428 976 517
 571 845 427 976 517
 572 845 427 976 518
 573 841 427 972 520
 574 841 427 972 520
 575 839 427 970 521
 576 838 429 970 522
 577 837 429 968 523
 578 837 429 970 523
 579 836 429 967 524
 580 834 429 966 524
 581 833 428 963 524
 582 833 428 964 524
 583 833 429 964 525
 584 833 429 964 525
 585 833 429 964 525
 586 829 429 959 526
 587 828 430 958 527
 588 828 431 957 528
 589 828 431 957 527
 590 826 431 955 528
 591 825 432 954 529
 592 822 433 952 530
 593 822 433 953 529
 594 821 433 951 529
 595 820 433 950 529
 596 819 433 949 530
 597 818 432 948 529
 598 817 433 946 531
 599 817 433 945 531
 600 816 433 943 532
 601 814 435 940 534
 602 814 434 940 533
 603 814 434 940 534
 604 814 435 939 535
 605 813 433 938 534
 606 812 436 936 537
 607 812 434 936 536
 608 812 436 936 537
 609 809 437 932 540
 610 808 437 931 540
 611 807 438 929 542
 612 808 439 929 543
 613 806 440 927 545
 614 806 439 927 544
 615 804 440 924 546
 616 804 441 924 547
 617 803 442 923 549
 618 802 443 922 550
 619 803 442 923 549
 620 803 442 923 549
 621 799 445 918 553
 622 800 445 919 553
 623 798 447 916 555
 624 797 447 915 556
 625 797 448 914 558
 626 797 448 914 558
 627 796 449 912 560
 628 795 450 911 561
 629 794 450 908 562
 630 794 452 909 564
 631 794 451 909 564
 632 794 452 909 565
 633 792 453 906 568
 634 791 453 905 569
 635 791 454 904 570
 636 791 455 903 572
 637 790 456 902 574
 638 791 455 902 574
 639 789 458 900 577
 640 790 456 901 576
 641 788 459 898 579
 642 789 458 898 579
 643 788 459 897 580
 644 789 458 897 580
 645 788 462 896 584
 646 788 462 895 585
 647 788 464 895 587
 648 788 463 895 587
 649 786 467 893 590
 650 787 466 893 590
 651 787 465 894 589
 652 787 468 893 592
 653 786 467 892 591
 654 786 471 891 595
 655 786 470 891 594
 656 787 470 892 594
 657 786 471 891 596
 658 786 473 889 598
 659 786 474 889 599
 660 785 475 887 600
 661 785 476 887 601
 662 787 478 888 603
 663 787 478 887 603
 664 785 480 885 604
 665 788 480 887 604
 666 786 482 884 606
 667 786 483 884 607
 668 787 484 885 607
 669 783 492 883 615
 670 786 491 885 613
 671 786 492 885 615
 672 786 493 884 616
 673 787 493 884 617
 674 787 494 884 619
 675 786 496 883 621
 676 786 496 882 621
 677 786 497 883 621
 678 786 498 883 622
 679 787 498 884 622
 680 787 498 884 622
 681 786 506 884 630
 682 787 504 885 627
 683 786 509 885 634
 684 788 508 887 633
 685 788 507 887 632
 686 787 507 886 633
 687 787 510 887 635
 688 787 509 886 635
 689 786 516 887 644
 690 787 513 889 641
 691 786 513 888 642
 692 787 513 889 642
 693 787 521 891 651
 694 788 519 891 650
 695 787 521 891 652
 696 787 520 891 652
 697 788 523 893 655
 698 789 524 894 656
 699 788 523 893 655
 700 790 526 895 659
 701 789 525 894 659
 702 788 528 894 662
 703 789 528 895 663
 704 790 527 896 663
 705 791 527 896 663
 706 790 534 896 669
 707 791 532 897 668
 708 791 535 898 672
 709 791 534 898 672
 710 791 539 899 677
 711 792 537 900 675
 712 794 541 903 680
 713 794 539 903 679
 714 796 544 906 683
 715 796 543 906 682
 716 796 543 907 682
 717 798 554 909 694
 718 798 550 908 691
 719 799 553 910 694
 720 799 553 910 694
 721 800 558 913 698
 722 800 557 914 696
 723 799 561 915 700
 724 799 562 915 702
 725 803 565 921 704
 726 801 564 919 704
 727 803 565 922 705
 728 800 565 920 706
 729 802 565 922 706
 730 808 580 931 720
 731 805 576 929 717
 732 806 578 931 719
 733 807 576 932 719
 734 807 580 934 721
 735 807 579 934 721
 736 809 582 937 724
 737 809 584 937 726
 738 809 586 937 728
 739 808 586 936 729
 740 810 586 938 730
 741 818 596 948 742
 742 818 594 949 741
 743 819 596 951 742
 744 819 597 951 743
 745 819 597 951 743
 746 820 601 952 746
 747 822 602 955 747
 748 822 606 956 750
 749 824 605 958 750
 750 823 611 958 754
 751 825 609 960 754
 752 826 610 962 755
 753 834 622 970 769
 754 836 619 972 767
 755 837 621 974 768
 756 837 620 974 766
 757 844 633 983 780
 758 842 629 981 777
 759 844 629 984 778
 760 844 630 985 779
 761 843 629 986 779
 762 844 635 987 784
 763 847 633 990 783
 764 845 633 989 782
 765 859 648 1004 797
 766 859 647 1004 797
 767 858 646 1005 796
 768 859 647 1007 796
 769 861 651 1009 800
 770 861 650 1009 798
 771 872 662 1022 813
 772 872 656 1021 809
 773 872 658 1021 810
 774 872 655 1021 807
 775 871 655 1020 807
 776 871 657 1020 808
 777 878 661 1025 810
 778 878 665 1025 813
 779 884 670 1029 815
 780 883 673 1029 816
 781 889 674 1034 815
 782 888 675 1032 815
 783 895 677 1038 816
 784 894 676 1035 814
 785 894 676 1035 812
 786 905 687 1044 826
 787 902 683 1042 822
 788 901 681 1040 819
 789 898 680 1038 816
 790 916 696 1053 832
 791 912 692 1050 827
 792 916 697 1056 829
 793 915 695 1056 827
 794 922 708 1063 842
 795 921 704 1062 838
 796 927 707 1069 839
 797 926 707 1068 839
 798 934 718 1077 851
 799 934 713 1076 847
 800 933 713 1075 846
 801 933 712 1076 845
 802 945 724 1087 858
 803 950 733 1095 865
 804 949 730 1096 863
 805 954 735 1103 865
 806 954 735 1104 864
 807 959 744 1111 873
 808 959 740 1113 869
 809 964 748 1118 877
 810 966 745 1122 873
 811 966 746 1123 872
 812 966 746 1123 871
 813 977 757 1135 882
 814 979 758 1137 882
 815 983 765 1141 888
 816 986 764 1144 885
 817 990 768 1149 888
 818 991 768 1151 886
 819 996 774 1155 889
 820 996 775 1156 888
 821 1003 779 1162 891
 822 1004 780 1162 890
 823 1005 781 1162 890
 824 1005 782 1162 889
 825 1005 782 1161 889
 826 1022 782 1177 888
 827 1022 784 1176 889
 828 1028 794 1183 893
 829 1029 797 1182 891
 830 1040 804 1191 893
 831 1040 805 1190 890
 832 1049 807 1196 890
 833 1050 810 1195 891
 834 1058 813 1201 892
 835 1057 815 1199 891
 836 1061 816 1201 890
 837 1061 817 1200 890
 838 1077 817 1215 889
 839 1072 816 1210 888
 840 1081 812 1218 884
 841 1079 809 1216 881
 842 1079 807 1216 879
 843 1079 806 1216 878
 844 1078 803 1215 875
 845 1077 802 1214 874
 846 1075 802 1212 874
 847 1073 802 1210 874
 848 1071 801 1208 873
 849 1069 800 1206 872
 850 1067 800 1204 872
 851 1066 800 1203 872
 852 1066 799 1203 871
