361 -1 -1 -1 -1 0 153 124 226 180 
 1 153 121 225 175
 2 156 122 227 177
 3 158 122 229 177
 4 158 122 228 177
 5 157 123 227 178
 6 159 124 230 179
 7 160 124 231 179
 8 161 124 232 180
 9 161 124 233 180
 10 163 126 235 182
 11 164 127 236 184
 12 167 129 238 186
 13 167 128 237 186
 14 169 132 240 189
 15 168 133 240 190
 16 168 133 240 190
 17 168 131 240 189
 18 169 134 242 192
 19 170 133 243 191
 20 172 135 246 193
 21 171 133 245 192
 22 171 136 246 195
 23 170 136 245 195
 24 170 136 246 196
 25 172 137 247 197
 26 173 141 249 201
 27 175 137 251 199
 28 176 139 253 200
 29 176 139 253 200
 30 178 141 255 202
 31 179 141 254 202
 32 182 141 257 202
 33 182 141 257 202
 34 184 143 259 204
 35 183 142 257 203
 36 186 144 260 205
 37 186 144 259 205
 38 187 149 260 209
 39 190 148 263 208
 40 191 148 264 208
 41 191 149 263 209
 42 193 150 265 209
 43 194 151 266 210
 44 196 151 267 210
 45 197 152 269 211
 46 197 155 269 213
 47 198 155 270 213
 48 199 156 271 214
 49 201 156 274 215
 50 202 160 275 219
 51 204 158 277 218
 52 205 158 278 218
 53 204 157 278 218
 54 204 161 278 221
 55 205 160 279 220
 56 205 162 279 222
 57 206 161 281 222
 58 208 164 283 225
 59 210 163 285 225
 60 212 165 287 227
 61 213 164 289 226
 62 214 168 290 230
 63 216 168 293 231
 64 216 167 294 230
 65 216 168 295 231
 66 217 167 297 231
 67 218 168 298 233
 68 219 171 300 235
 69 221 170 302 235
 70 223 172 304 237
 71 222 171 304 237
 72 225 174 308 239
 73 224 173 308 238
 74 226 178 310 243
 75 228 177 313 242
 76 228 177 313 242
 77 228 177 313 242
 78 229 180 315 245
 79 231 177 316 243
 80 231 181 317 247
 81 232 179 318 246
 82 236 183 321 250
 83 236 182 321 249
 84 237 184 323 251
 85 238 184 325 251
 86 239 190 327 257
 87 240 188 328 255
 88 240 189 329 257
 89 241 188 330 256
 90 241 190 331 259
 91 242 189 331 258
 92 245 192 334 261
 93 246 190 335 259
 94 248 194 336 263
 95 248 191 337 261
 96 250 194 339 264
 97 251 191 340 262
 98 254 199 344 269
 99 255 195 346 265
 100 254 197 345 267
 101 254 195 345 266
 102 256 199 347 270
 103 257 196 348 267
 104 259 199 350 271
 105 259 198 351 271
 106 261 201 353 274
 107 262 201 354 274
 108 263 203 355 276
 109 264 201 356 275
 110 271 207 361 281
 111 270 206 361 280
 112 269 206 360 280
 113 269 207 360 281
 114 273 210 363 284
 115 274 210 364 284
 116 274 213 364 288
 117 276 213 367 288
 118 278 214 369 289
 119 279 214 370 289
 120 282 218 374 292
 121 282 218 375 291
 122 287 222 379 296
 123 288 222 380 296
 124 288 222 381 296
 125 288 221 381 295
 126 291 225 384 299
 127 291 224 384 298
 128 293 229 386 302
 129 294 228 387 300
 130 299 231 392 303
 131 298 232 392 304
 132 300 234 394 307
 133 301 233 395 306
 134 307 238 400 312
 135 309 239 402 313
 136 308 237 402 312
 137 307 238 402 313
 138 309 239 403 315
 139 311 239 404 315
 140 314 243 406 319
 141 314 242 407 318
 142 318 245 411 320
 143 317 245 409 320
 144 321 249 413 324
 145 321 249 414 324
 146 323 252 414 328
 147 324 253 413 330
 148 325 253 413 330
 149 326 254 413 331
 150 327 255 413 332
 151 328 256 413 333
 152 330 258 414 335
 153 331 257 414 334
 154 333 259 415 335
 155 335 260 416 336
 156 339 262 418 339
 157 341 263 419 341
 158 352 271 432 351
 159 352 271 434 352
 160 352 271 436 353
 161 352 272 438 355
 162 356 273 444 356
 163 359 274 450 357
 164 359 275 453 359
 165 361 276 456 360
 166 361 278 457 363
 167 362 277 457 363
 168 362 281 457 368
 169 363 282 458 369
 170 366 279 461 367
 171 368 278 462 367
 172 370 279 465 367
 173 369 279 465 367
 174 371 282 466 371
 175 372 282 466 371
 176 374 282 467 372
 177 374 283 467 373
 178 378 288 470 379
 179 381 288 475 379
 180 383 293 478 384
 181 385 292 481 384
 182 391 303 488 394
 183 395 299 493 390
 184 397 300 497 389
 185 401 305 503 392
 186 414 307 516 394
 187 414 307 518 393
 188 418 311 521 397
 189 419 312 522 398
 190 421 316 523 403
 191 424 318 525 404
 192 424 322 525 408
 193 424 323 525 409
 194 424 326 526 412
 195 426 326 529 412
 196 424 328 529 413
 197 424 327 530 412
 198 425 331 532 416
 199 424 331 533 416
 200 427 330 536 416
 201 430 331 538 417
 202 433 333 540 420
 203 435 335 542 422
 204 437 338 543 425
 205 438 339 543 425
 206 442 344 547 431
 207 448 346 552 433
 208 449 347 553 434
 209 451 347 555 434
 210 453 349 558 437
 211 453 351 558 438
 212 458 356 565 443
 213 460 356 569 442
 214 463 360 571 447
 215 464 361 574 448
 216 469 364 578 453
 217 470 364 581 453
 218 476 372 588 461
 219 479 373 593 462
 220 479 372 596 461
 221 479 374 597 463
 222 479 375 597 464
 223 479 376 598 465
 224 481 386 601 475
 225 481 383 602 472
 226 485 388 608 478
 227 486 385 611 474
 228 490 393 614 483
 229 493 390 617 480
 230 501 403 627 493
 231 505 402 632 493
 232 505 401 633 492
 233 506 403 635 494
 234 509 405 639 498
 235 510 405 639 498
 236 515 408 644 502
 237 514 409 644 503
 238 522 410 651 505
 239 523 410 651 506
 240 531 418 658 513
 241 534 420 661 515
 242 541 428 669 522
 243 546 430 676 525
 244 547 428 678 524
 245 546 427 678 523
 246 550 434 683 530
 247 550 432 684 529
 248 558 440 692 537
 249 558 436 692 534
 250 563 443 699 541
 251 564 442 700 541
 252 571 447 707 547
 253 574 447 710 549
 254 584 463 721 564
 255 583 457 722 561
 256 582 457 723 562
 257 582 456 725 562
 258 590 464 734 570
 259 590 462 736 569
 260 597 469 743 576
 261 596 466 744 574
 262 604 474 753 583
 263 602 472 753 582
 264 610 479 762 591
 265 609 476 763 588
 266 623 486 778 599
 267 625 487 782 602
 268 623 486 781 602
 269 623 485 782 602
 270 632 495 789 611
 271 632 491 789 609
 272 640 500 796 618
 273 641 498 798 616
 274 650 505 805 623
 275 650 503 804 621
 276 660 511 813 630
 277 658 512 812 631
 278 676 520 827 641
 279 679 530 831 652
 280 679 527 835 650
 281 676 525 834 649
 282 686 534 847 661
 283 685 530 849 658
 284 691 536 857 666
 285 695 534 863 666
 286 696 538 867 672
 287 702 539 874 673
 288 704 545 877 680
 289 708 547 878 682
 290 723 562 896 698
 291 729 563 902 700
 292 730 562 903 701
 293 729 560 902 700
 294 738 569 913 708
 295 739 567 912 707
 296 746 576 918 717
 297 750 577 921 718
 298 754 589 924 729
 299 761 588 932 729
 300 766 601 938 741
 301 771 599 944 739
 302 806 640 983 772
 303 826 655 1001 778
 304 826 656 999 772
 305 824 659 994 771
 306 844 678 1011 784
 307 846 678 1010 780
 308 853 689 1011 790
 309 854 680 1007 784
 310 873 684 1022 792
 311 873 687 1022 797
 312 888 700 1036 810
 313 891 716 1041 820
 314 913 723 1060 832
 315 917 738 1064 842
 316 917 727 1062 833
 317 917 720 1059 830
 318 936 751 1080 855
 319 939 752 1084 852
 320 953 768 1099 865
 321 954 768 1101 862
 322 967 781 1115 874
 323 979 783 1128 874
 324 980 790 1130 879
 325 982 789 1131 878
 326 1015 803 1168 887
 327 1005 802 1159 882
 328 1004 797 1155 877
 329 1009 809 1161 885
 330 1017 808 1169 883
 331 936 748 1075 835
 332 955 760 1085 856
 333 956 758 1082 859
 334 972 760 1094 864
 335 974 764 1093 869
 336 987 771 1104 876
 337 987 773 1103 877
 338 1014 789 1131 888
 339 1013 791 1131 886
 340 1012 792 1130 885
 341 1012 795 1129 885
 342 1023 807 1141 890
 343 1025 806 1141 887
 344 1041 818 1158 895
 345 1043 817 1161 890
 346 1078 818 1199 889
 347 1083 818 1206 888
 348 1089 816 1213 886
 349 1148 820 1277 886
 350 1214 826 1349 887
 351 1213 829 1353 886
 352 1208 830 1351 884
 353 1209 831 1356 883
 354 1211 832 1361 882
 355 1206 833 1357 882
 356 1209 833 1361 881
 357 1204 833 1356 881
 358 1208 834 1361 881
 359 1205 834 1358 881
 360 1208 834 1361 881
