774 -1 -1 -1 -1 0 1038 651 1245 789 
 1 1047 654 1252 786
 2 1043 653 1247 781
 3 1045 654 1248 778
 4 1034 649 1236 772
 5 1036 651 1238 771
 6 1032 647 1232 767
 7 1034 647 1233 765
 8 1029 644 1226 762
 9 1030 646 1226 763
 10 1025 643 1220 760
 11 1027 643 1222 759
 12 1024 641 1220 757
 13 1026 643 1221 758
 14 1022 642 1216 757
 15 1022 640 1216 755
 16 1012 634 1206 750
 17 1014 632 1206 748
 18 1010 631 1201 746
 19 1011 630 1202 745
 20 1006 628 1196 743
 21 1007 627 1197 742
 22 1002 625 1191 740
 23 1004 624 1193 739
 24 1003 623 1192 739
 25 1002 623 1191 739
 26 998 621 1187 737
 27 999 621 1189 737
 28 988 616 1178 733
 29 992 614 1180 731
 30 988 612 1174 730
 31 992 611 1177 730
 32 987 610 1170 729
 33 988 608 1171 726
 34 984 607 1165 726
 35 984 606 1164 724
 36 986 607 1165 724
 37 986 607 1165 724
 38 981 606 1160 723
 39 981 606 1159 723
 40 974 599 1152 715
 41 974 600 1150 716
 42 964 598 1138 712
 43 972 598 1146 712
 44 966 596 1140 711
 45 967 594 1140 709
 46 966 592 1137 707
 47 965 592 1135 706
 48 965 591 1135 705
 49 966 591 1136 704
 50 963 588 1132 702
 51 963 589 1131 702
 52 957 584 1125 696
 53 956 585 1122 697
 54 954 581 1119 693
 55 954 582 1118 693
 56 950 579 1114 689
 57 951 579 1114 688
 58 950 577 1111 685
 59 948 576 1108 684
 60 948 575 1108 683
 61 949 576 1109 684
 62 946 573 1104 680
 63 947 575 1104 682
 64 940 568 1099 675
 65 940 566 1098 674
 66 937 563 1096 672
 67 936 562 1095 671
 68 933 559 1092 668
 69 931 560 1091 668
 70 929 557 1088 665
 71 928 556 1086 664
 72 928 557 1086 664
 73 928 556 1086 662
 74 926 553 1084 660
 75 924 553 1082 660
 76 920 547 1079 654
 77 917 547 1075 654
 78 915 542 1072 650
 79 914 544 1070 651
 80 912 538 1067 646
 81 911 540 1066 646
 82 909 536 1062 643
 83 907 536 1061 642
 84 906 538 1060 643
 85 907 538 1059 642
 86 906 534 1057 639
 87 905 534 1056 638
 88 901 529 1051 633
 89 901 529 1049 632
 90 898 526 1046 630
 91 898 526 1044 630
 92 896 524 1043 629
 93 897 523 1042 627
 94 894 519 1039 623
 95 892 521 1037 624
 96 893 520 1036 622
 97 894 521 1037 622
 98 891 517 1034 618
 99 890 517 1033 617
 100 883 511 1025 610
 101 882 511 1024 610
 102 882 507 1023 606
 103 880 508 1020 606
 104 878 505 1018 602
 105 877 506 1015 603
 106 875 502 1013 599
 107 873 502 1011 600
 108 873 501 1011 599
 109 874 501 1011 599
 110 871 498 1009 597
 111 869 499 1007 598
 112 866 492 1003 591
 113 865 491 1002 590
 114 861 488 999 587
 115 861 486 999 586
 116 857 484 995 584
 117 857 485 995 584
 118 854 480 992 580
 119 852 480 990 580
 120 852 482 990 582
 121 853 481 990 581
 122 851 477 988 577
 123 850 477 987 577
 124 845 472 981 571
 125 844 471 979 570
 126 841 467 976 566
 127 841 468 976 566
 128 837 465 972 562
 129 837 466 972 563
 130 834 461 968 558
 131 833 461 967 558
 132 834 462 968 559
 133 835 462 968 559
 134 832 458 965 554
 135 832 458 964 554
 136 824 451 955 548
 137 826 452 957 548
 138 822 448 954 544
 139 822 448 953 544
 140 819 444 950 541
 141 819 445 949 542
 142 815 442 945 539
 143 815 441 945 538
 144 815 441 945 538
 145 815 440 945 538
 146 811 438 941 535
 147 811 439 941 536
 148 806 434 935 530
 149 804 434 934 529
 150 802 431 931 525
 151 800 430 930 524
 152 797 427 927 521
 153 799 428 928 521
 154 795 426 924 519
 155 796 424 925 516
 156 795 426 923 518
 157 795 424 923 516
 158 791 422 919 514
 159 791 423 920 515
 160 784 417 912 509
 161 784 417 913 509
 162 779 416 909 507
 163 778 416 909 507
 164 772 413 903 501
 165 774 413 904 502
 166 768 410 898 496
 167 767 412 895 496
 168 770 412 898 498
 169 771 412 899 498
 170 765 409 891 493
 171 768 410 894 495
 172 760 406 885 488
 173 761 405 886 488
 174 754 404 878 485
 175 759 404 882 484
 176 752 402 874 480
 177 757 402 878 480
 178 751 400 871 477
 179 754 399 875 476
 180 750 399 869 476
 181 750 400 869 476
 182 747 399 865 474
 183 747 399 865 473
 184 743 384 861 463
 185 741 381 859 464
 186 737 375 855 461
 187 735 374 854 462
 188 731 372 852 461
 189 729 372 851 461
 190 726 370 849 459
 191 725 370 849 459
 192 725 370 849 459
 193 725 370 849 459
 194 722 367 846 456
 195 721 369 845 458
 196 719 363 842 451
 197 717 364 841 451
 198 715 363 838 449
 199 715 364 838 449
 200 711 361 833 445
 201 713 363 834 446
 202 708 360 829 443
 203 708 360 828 442
 204 707 359 827 441
 205 709 361 828 442
 206 705 357 824 438
 207 705 357 824 437
 208 696 351 815 432
 209 696 353 814 433
 210 694 349 812 429
 211 692 352 810 432
 212 690 348 807 428
 213 690 349 806 429
 214 686 348 802 427
 215 687 348 803 427
 216 687 347 803 426
 217 687 348 803 427
 218 683 345 799 423
 219 683 346 799 424
 220 677 341 794 420
 221 674 340 791 419
 222 671 337 787 416
 223 671 338 787 417
 224 668 334 783 413
 225 668 334 782 412
 226 666 332 780 410
 227 666 334 779 411
 228 666 334 778 411
 229 666 334 778 411
 230 663 331 775 408
 231 663 331 775 408
 232 659 327 770 404
 233 658 326 769 403
 234 656 323 766 400
 235 657 323 766 399
 236 653 321 762 397
 237 654 321 763 397
 238 651 320 760 396
 239 651 319 759 395
 240 650 319 759 394
 241 650 320 759 395
 242 646 318 754 393
 243 647 318 756 393
 244 639 313 747 389
 245 639 313 747 388
 246 635 311 744 386
 247 633 309 743 384
 248 627 310 739 382
 249 625 311 737 381
 250 622 310 734 379
 251 621 309 733 378
 252 621 309 732 377
 253 621 308 732 376
 254 619 307 730 375
 255 616 307 726 374
 256 614 302 723 370
 257 612 301 721 370
 258 608 299 716 368
 259 608 299 716 368
 260 606 298 714 367
 261 604 297 712 366
 262 602 294 710 364
 263 600 294 708 364
 264 600 295 708 364
 265 600 294 708 363
 266 599 293 707 363
 267 597 291 705 361
 268 593 288 701 358
 269 592 287 701 357
 270 590 287 699 356
 271 586 286 696 355
 272 585 284 694 352
 273 583 283 692 351
 274 581 281 690 349
 275 579 281 688 348
 276 582 281 691 349
 277 581 281 690 349
 278 578 280 687 347
 279 576 279 685 346
 280 573 277 682 343
 281 569 275 678 341
 282 566 273 675 339
 283 565 272 673 338
 284 562 272 670 337
 285 563 272 670 337
 286 559 270 667 335
 287 558 268 665 332
 288 562 270 670 335
 289 560 268 668 332
 290 556 267 664 331
 291 555 266 663 330
 292 552 264 659 328
 293 549 262 655 326
 294 547 262 652 325
 295 548 261 653 324
 296 545 259 650 322
 297 543 259 647 321
 298 542 257 645 319
 299 542 257 645 319
 300 541 258 643 320
 301 543 259 645 320
 302 540 256 642 318
 303 539 256 641 317
 304 537 254 639 315
 305 535 251 635 313
 306 532 249 632 311
 307 532 250 631 311
 308 530 249 629 310
 309 529 249 627 310
 310 526 247 624 308
 311 525 247 623 308
 312 525 246 623 307
 313 525 247 623 307
 314 524 245 622 306
 315 523 244 621 305
 316 519 242 618 303
 317 518 240 616 301
 318 514 239 612 300
 319 513 239 611 299
 320 512 237 610 297
 321 510 237 608 297
 322 509 235 607 295
 323 508 235 606 295
 324 506 235 604 295
 325 511 232 608 294
 326 505 231 603 293
 327 503 233 601 294
 328 500 230 598 291
 329 498 230 596 290
 330 497 228 594 288
 331 496 227 593 287
 332 493 227 589 286
 333 491 226 587 285
 334 491 225 586 284
 335 490 225 585 283
 336 489 224 584 282
 337 491 222 585 282
 338 491 220 584 282
 339 491 220 584 283
 340 484 218 578 280
 341 483 213 576 277
 342 482 213 575 277
 343 478 214 573 276
 344 475 214 570 275
 345 474 214 569 273
 346 474 207 567 270
 347 473 208 566 272
 348 474 209 567 272
 349 474 208 567 272
 350 472 207 565 271
 351 471 207 564 270
 352 464 199 556 265
 353 462 203 556 266
 354 462 197 555 262
 355 461 198 555 264
 356 460 198 553 264
 357 460 197 553 263
 358 456 199 550 262
 359 457 193 550 258
 360 456 194 549 260
 361 457 196 549 262
 362 453 197 547 260
 363 451 198 545 259
 364 449 192 542 255
 365 448 192 540 256
 366 446 192 539 254
 367 446 191 538 253
 368 443 192 536 252
 369 445 192 538 251
 370 441 191 534 249
 371 439 192 532 249
 372 438 191 530 248
 373 441 189 531 247
 374 441 187 530 247
 375 440 187 529 248
 376 436 187 525 246
 377 433 186 523 244
 378 431 186 522 243
 379 429 186 520 242
 380 427 185 518 240
 381 426 184 516 239
 382 424 183 514 238
 383 424 183 513 237
 384 424 183 512 237
 385 423 183 511 237
 386 423 182 510 235
 387 422 183 509 236
 388 420 181 507 233
 389 419 180 506 232
 390 418 178 505 230
 391 416 178 503 230
 392 416 177 503 229
 393 415 176 501 228
 394 414 176 500 228
 395 413 175 499 227
 396 411 175 497 227
 397 410 174 496 226
 398 410 174 496 226
 399 409 173 495 225
 400 407 171 494 223
 401 405 171 492 224
 402 400 164 485 220
 403 406 170 493 225
 404 402 168 490 223
 405 397 161 483 219
 406 395 162 482 218
 407 394 164 481 219
 408 399 165 486 219
 409 396 165 484 219
 410 399 165 488 219
 411 395 164 483 218
 412 393 163 482 217
 413 390 162 478 216
 414 388 162 475 215
 415 387 162 474 215
 416 388 161 476 214
 417 386 161 473 213
 418 383 160 470 212
 419 381 160 467 211
 420 382 160 467 210
 421 382 159 466 209
 422 381 160 465 209
 423 382 160 466 208
 424 379 158 463 207
 425 377 157 461 206
 426 375 155 460 204
 427 378 154 463 204
 428 374 153 460 203
 429 372 153 458 203
 430 370 151 456 201
 431 368 151 455 202
 432 371 151 459 202
 433 368 151 456 202
 434 367 150 455 201
 435 365 149 454 200
 436 364 148 453 199
 437 363 147 453 198
 438 362 147 452 198
 439 361 146 451 197
 440 359 145 449 196
 441 357 145 447 196
 442 356 144 445 195
 443 354 144 443 195
 444 359 144 448 195
 445 356 143 446 194
 446 355 143 444 194
 447 353 142 442 193
 448 350 139 439 191
 449 348 139 437 190
 450 345 138 435 189
 451 344 137 434 188
 452 343 136 433 187
 453 336 135 427 186
 454 342 133 433 185
 455 340 132 430 184
 456 339 132 428 184
 457 339 133 427 184
 458 338 132 426 183
 459 342 132 430 183
 460 339 132 427 183
 461 338 131 426 182
 462 336 130 424 181
 463 334 129 422 180
 464 332 128 420 179
 465 331 127 419 178
 466 329 126 417 177
 467 329 126 416 177
 468 328 126 415 177
 469 328 126 415 176
 470 327 125 414 175
 471 327 125 414 175
 472 325 124 412 174
 473 319 123 406 173
 474 324 123 411 173
 475 318 123 405 172
 476 318 122 405 171
 477 317 121 403 170
 478 317 120 403 169
 479 317 119 402 167
 480 316 120 400 168
 481 317 120 400 168
 482 316 119 399 167
 483 315 119 397 167
 484 313 118 395 166
 485 312 117 394 165
 486 311 116 393 164
 487 310 115 392 163
 488 309 114 390 162
 489 308 113 389 161
 490 306 113 386 161
 491 306 113 385 160
 492 306 113 385 160
 493 306 113 384 160
 494 305 112 383 158
 495 304 112 382 158
 496 303 111 380 157
 497 301 110 378 156
 498 299 109 376 155
 499 298 109 374 155
 500 298 109 374 154
 501 297 108 373 153
 502 301 108 377 153
 503 300 108 375 153
 504 299 107 374 152
 505 297 108 372 153
 506 296 107 370 152
 507 296 107 370 152
 508 295 106 368 150
 509 294 105 367 149
 510 293 105 366 148
 511 292 105 365 148
 512 292 105 365 148
 513 291 104 364 147
 514 290 104 363 147
 515 289 104 362 147
 516 289 104 362 147
 517 289 104 362 147
 518 289 103 362 146
 519 288 103 361 146
 520 287 101 359 144
 521 286 102 358 145
 522 285 100 357 143
 523 284 100 356 143
 524 284 100 356 143
 525 284 100 356 143
 526 282 98 354 141
 527 281 98 354 141
 528 281 98 354 141
 529 279 98 351 142
 530 280 97 352 140
 531 279 96 351 140
 532 278 95 350 139
 533 277 94 350 138
 534 274 93 347 137
 535 273 93 346 137
 536 273 93 346 136
 537 272 93 345 136
 538 270 93 343 136
 539 269 92 342 135
 540 269 92 342 135
 541 269 91 341 134
 542 268 91 340 134
 543 268 90 340 133
 544 266 90 339 133
 545 265 90 338 133
 546 265 89 338 132
 547 264 88 337 131
 548 263 87 336 130
 549 262 87 334 130
 550 261 86 333 129
 551 261 86 333 129
 552 260 86 332 129
 553 260 86 331 129
 554 260 86 331 129
 555 259 85 329 128
 556 259 85 330 128
 557 258 85 329 128
 558 257 84 328 127
 559 256 83 327 126
 560 256 82 327 125
 561 255 82 326 125
 562 254 81 325 123
 563 253 81 324 123
 564 252 81 323 123
 565 252 81 322 123
 566 251 80 321 122
 567 250 79 320 121
 568 249 79 319 121
 569 248 78 318 121
 570 247 78 317 120
 571 247 77 316 119
 572 246 77 315 119
 573 246 77 315 119
 574 246 77 315 119
 575 246 77 315 119
 576 246 77 315 119
 577 246 77 315 119
 578 246 76 315 118
 579 246 76 315 118
 580 245 75 314 117
 581 245 74 314 116
 582 239 74 307 115
 583 238 74 306 115
 584 239 73 306 114
 585 239 73 306 114
 586 239 72 305 113
 587 238 72 304 112
 588 238 72 304 112
 589 238 72 303 112
 590 238 71 303 111
 591 238 73 303 112
 592 237 71 302 110
 593 235 71 301 110
 594 234 70 300 109
 595 233 69 299 109
 596 231 68 297 108
 597 232 67 297 107
 598 231 67 296 107
 599 230 67 295 107
 600 230 66 295 106
 601 230 67 294 107
 602 230 67 294 106
 603 229 67 293 106
 604 229 67 294 106
 605 228 67 293 106
 606 227 65 292 105
 607 226 65 291 105
 608 224 64 290 104
 609 224 64 289 104
 610 224 63 289 103
 611 223 62 288 102
 612 223 62 288 102
 613 222 62 287 102
 614 222 61 287 101
 615 222 61 287 101
 616 219 55 282 98
 617 221 54 283 99
 618 220 59 283 103
 619 220 58 284 101
 620 217 52 279 97
 621 218 52 280 99
 622 219 50 280 98
 623 218 56 280 102
 624 217 56 280 101
 625 217 49 279 96
 626 218 49 279 98
 627 216 55 279 102
 628 215 53 279 99
 629 213 53 277 98
 630 211 53 275 97
 631 210 53 274 96
 632 210 54 274 97
 633 212 46 275 92
 634 211 53 275 98
 635 210 52 274 96
 636 209 52 273 95
 637 209 52 273 94
 638 208 52 272 94
 639 207 52 271 94
 640 207 52 271 93
 641 206 52 270 93
 642 206 51 269 92
 643 206 51 269 91
 644 205 50 268 90
 645 205 50 268 90
 646 205 50 268 90
 647 205 50 267 90
 648 205 50 267 89
 649 204 51 266 90
 650 202 44 263 86
 651 206 50 268 92
 652 205 50 268 91
 653 200 43 262 86
 654 201 49 264 91
 655 201 48 264 90
 656 201 48 265 89
 657 201 48 266 89
 658 199 47 265 88
 659 199 47 265 88
 660 200 47 266 88
 661 199 47 265 88
 662 194 46 260 87
 663 199 46 266 87
 664 198 45 265 86
 665 197 45 264 86
 666 196 44 263 85
 667 195 44 262 85
 668 194 43 262 85
 669 192 43 260 85
 670 192 42 260 84
 671 191 42 259 84
 672 190 41 258 83
 673 191 43 259 84
 674 190 43 258 84
 675 191 43 259 84
 676 190 43 259 84
 677 189 41 258 83
 678 189 41 258 83
 679 188 40 257 82
 680 187 41 256 82
 681 187 41 256 82
 682 187 41 256 82
 683 187 41 256 82
 684 187 41 256 82
 685 186 40 255 81
 686 186 41 255 82
 687 185 41 254 81
 688 185 40 254 80
 689 184 39 253 79
 690 183 39 252 79
 691 182 39 251 79
 692 181 38 250 78
 693 181 38 249 78
 694 180 37 248 77
 695 180 38 248 78
 696 179 37 247 77
 697 179 37 247 77
 698 179 38 247 77
 699 180 37 247 76
 700 176 30 241 72
 701 177 31 241 74
 702 177 31 242 73
 703 178 32 243 74
 704 177 33 243 74
 705 173 27 237 70
 706 175 28 238 72
 707 176 28 239 73
 708 176 28 238 73
 709 176 26 238 72
 710 176 33 240 77
 711 176 34 240 77
 712 171 21 234 66
 713 172 23 234 69
 714 173 31 236 76
 715 173 30 237 74
 716 173 32 238 75
 717 169 26 233 69
 718 171 32 235 74
 719 171 33 236 74
 720 171 33 237 73
 721 171 33 237 73
 722 169 34 234 73
 723 170 33 235 72
 724 170 33 235 71
 725 170 33 235 71
 726 169 34 234 71
 727 170 34 234 71
 728 169 34 233 71
 729 169 33 232 70
 730 169 33 232 69
 731 168 33 230 69
 732 168 32 230 68
 733 169 34 230 69
 734 168 33 229 68
 735 169 33 229 68
 736 167 33 227 68
 737 168 32 227 66
 738 167 32 226 66
 739 166 32 224 66
 740 167 31 224 65
 741 166 31 223 65
 742 166 32 222 65
 743 165 31 221 64
 744 165 31 220 64
 745 165 31 220 64
 746 165 31 220 64
 747 165 31 219 64
 748 164 30 218 63
 749 164 30 218 62
 750 164 30 218 62
 751 163 29 217 61
 752 164 29 217 61
 753 164 30 217 62
 754 164 29 217 61
 755 163 29 216 61
 756 162 29 216 61
 757 162 28 216 60
 758 163 29 216 61
 759 161 28 215 60
 760 161 28 215 60
 761 161 28 215 60
 762 162 27 215 59
 763 161 28 214 60
 764 160 27 213 59
 765 160 28 213 60
 766 159 27 212 59
 767 159 26 212 58
 768 159 27 212 59
 769 158 26 211 58
 770 158 26 211 58
 771 159 27 212 59
 772 159 26 212 58
 773 158 25 211 57
