299 -1 -1 -1 -1 0 1502 730 1732 860 
 1 1496 728 1724 858
 2 1495 728 1723 857
 3 1485 723 1711 852
 4 1483 722 1709 850
 5 1484 721 1710 849
 6 1485 722 1710 849
 7 1461 713 1682 835
 8 1466 714 1685 836
 9 1455 709 1667 826
 10 1458 710 1670 828
 11 1447 704 1655 819
 12 1450 704 1657 821
 13 1441 700 1645 814
 14 1443 698 1647 814
 15 1432 695 1634 808
 16 1432 694 1631 805
 17 1435 692 1633 805
 18 1437 693 1634 808
 19 1420 686 1614 799
 20 1417 683 1606 792
 21 1419 680 1607 791
 22 1413 674 1599 786
 23 1413 674 1600 787
 24 1407 667 1592 781
 25 1404 665 1590 779
 26 1398 661 1581 775
 27 1397 659 1582 774
 28 1389 653 1573 769
 29 1386 655 1570 770
 30 1387 654 1571 768
 31 1367 646 1545 757
 32 1373 643 1553 756
 33 1367 637 1546 751
 34 1365 635 1544 749
 35 1361 631 1538 745
 36 1356 630 1534 745
 37 1352 625 1529 740
 38 1352 626 1529 741
 39 1346 621 1521 736
 40 1346 621 1520 735
 41 1347 622 1520 735
 42 1347 622 1519 735
 43 1332 616 1498 725
 44 1341 614 1507 724
 45 1332 611 1494 717
 46 1337 613 1498 720
 47 1328 606 1486 711
 48 1332 608 1490 714
 49 1326 602 1482 710
 50 1327 600 1482 709
 51 1323 595 1476 704
 52 1321 594 1475 702
 53 1322 595 1476 702
 54 1323 595 1477 701
 55 1313 586 1463 694
 56 1315 586 1463 693
 57 1315 587 1461 694
 58 1311 581 1455 688
 59 1312 583 1456 690
 60 1309 578 1450 683
 61 1309 580 1450 684
 62 1306 575 1445 679
 63 1305 576 1443 678
 64 1302 572 1438 674
 65 1301 573 1437 674
 66 1302 574 1438 674
 67 1300 565 1433 664
 68 1298 565 1430 665
 69 1296 562 1426 663
 70 1295 561 1424 662
 71 1293 557 1420 657
 72 1292 556 1419 657
 73 1291 552 1416 652
 74 1291 552 1415 652
 75 1290 548 1413 648
 76 1289 548 1411 648
 77 1289 548 1412 648
 78 1289 548 1411 648
 79 1288 548 1410 648
 80 1286 538 1408 637
 81 1286 539 1406 638
 82 1286 533 1406 631
 83 1286 535 1406 633
 84 1285 530 1404 627
 85 1284 523 1403 621
 86 1282 527 1400 624
 87 1282 520 1399 618
 88 1281 522 1397 620
 89 1282 522 1398 621
 90 1281 523 1397 622
 91 1281 514 1396 614
 92 1281 511 1396 610
 93 1281 507 1396 607
 94 1280 511 1394 611
 95 1279 505 1393 605
 96 1278 507 1390 609
 97 1278 502 1389 604
 98 1279 505 1389 607
 99 1279 498 1389 600
 100 1280 501 1389 603
 101 1281 498 1390 600
 102 1280 502 1388 605
 103 1280 499 1388 601
 104 1281 493 1388 594
 105 1280 487 1387 588
 106 1282 491 1387 592
 107 1280 485 1385 585
 108 1280 489 1384 590
 109 1280 485 1384 584
 110 1281 488 1384 587
 111 1280 481 1383 579
 112 1282 484 1384 582
 113 1280 480 1383 577
 114 1282 485 1384 582
 115 1282 478 1385 574
 116 1283 480 1385 576
 117 1286 475 1387 572
 118 1287 475 1388 571
 119 1288 473 1388 569
 120 1289 473 1390 569
 121 1291 470 1391 566
 122 1293 471 1392 566
 123 1295 467 1394 561
 124 1296 467 1395 561
 125 1295 469 1395 562
 126 1297 469 1396 562
 127 1300 463 1399 555
 128 1300 464 1400 555
 129 1304 460 1405 551
 130 1303 462 1405 551
 131 1305 459 1407 548
 132 1307 462 1409 549
 133 1308 460 1410 547
 134 1310 458 1413 545
 135 1310 459 1413 546
 136 1310 455 1414 541
 137 1312 455 1417 541
 138 1313 455 1418 541
 139 1316 450 1425 534
 140 1318 450 1426 534
 141 1322 448 1430 532
 142 1325 448 1434 532
 143 1326 445 1434 529
 144 1329 445 1438 529
 145 1330 442 1440 525
 146 1332 443 1443 526
 147 1333 440 1444 524
 148 1334 440 1446 524
 149 1334 441 1446 525
 150 1333 437 1447 521
 151 1343 432 1459 515
 152 1343 435 1459 518
 153 1346 431 1464 514
 154 1348 430 1467 513
 155 1352 428 1472 510
 156 1352 429 1473 513
 157 1357 425 1479 508
 158 1360 419 1483 505
 159 1352 424 1479 504
 160 1354 426 1485 504
 161 1348 427 1479 503
 162 1353 428 1486 503
 163 1362 419 1492 499
 164 1358 422 1490 499
 165 1354 424 1489 499
 166 1365 422 1500 496
 167 1363 422 1499 496
 168 1362 421 1499 495
 169 1374 420 1511 493
 170 1372 419 1510 492
 171 1373 419 1511 491
 172 1382 409 1515 487
 173 1387 411 1521 488
 174 1390 411 1526 488
 175 1392 410 1531 488
 176 1388 406 1525 484
 177 1415 407 1555 485
 178 1416 409 1558 487
 179 1419 409 1563 487
 180 1419 410 1566 488
 181 1415 400 1561 478
 182 1419 402 1568 480
 183 1423 403 1572 482
 184 1426 404 1576 483
 185 1426 404 1578 484
 186 1425 396 1577 477
 187 1431 397 1581 479
 188 1434 398 1584 482
 189 1440 400 1589 485
 190 1451 390 1598 475
 191 1443 394 1589 479
 192 1448 395 1593 480
 193 1462 388 1607 471
 194 1460 390 1605 473
 195 1461 393 1608 475
 196 1461 394 1609 476
 197 1461 396 1610 477
 198 1463 387 1612 468
 199 1456 392 1605 473
 200 1463 393 1615 474
 201 1479 383 1629 463
 202 1484 388 1634 467
 203 1479 390 1633 468
 204 1486 391 1642 470
 205 1479 391 1637 470
 206 1490 386 1649 463
 207 1498 391 1656 467
 208 1501 387 1657 462
 209 1498 391 1656 466
 210 1494 393 1653 468
 211 1508 387 1671 460
 212 1511 389 1672 462
 213 1515 389 1677 461
 214 1520 383 1681 455
 215 1525 385 1686 456
 216 1524 385 1686 455
 217 1532 385 1695 455
 218 1533 384 1695 453
 219 1538 383 1702 452
 220 1541 382 1704 451
 221 1545 381 1706 450
 222 1547 380 1706 449
 223 1547 379 1705 449
 224 1558 378 1718 446
 225 1571 377 1730 444
 226 1576 376 1732 443
 227 1577 376 1731 443
 228 1586 375 1739 441
 229 1594 375 1746 440
 230 1597 375 1747 440
 231 1604 374 1754 439
 232 1607 374 1755 438
 233 1607 374 1755 438
 234 1607 374 1755 438
 235 1625 371 1770 435
 236 1627 371 1773 435
 237 1634 369 1780 433
 238 1636 370 1783 434
 239 1644 368 1791 432
 240 1646 367 1794 431
 241 1652 367 1801 431
 242 1654 367 1803 431
 243 1661 366 1810 430
 244 1664 366 1813 430
 245 1664 365 1813 429
 246 1664 366 1813 430
 247 1680 363 1827 427
 248 1681 363 1829 427
 249 1689 363 1837 426
 250 1692 363 1841 426
 251 1696 361 1846 424
 252 1700 361 1850 424
 253 1707 359 1858 421
 254 1709 360 1860 423
 255 1715 359 1867 421
 256 1716 359 1868 421
 257 1717 359 1870 421
 258 1718 360 1871 421
 259 1730 357 1884 419
 260 1732 357 1886 419
 261 1732 357 1886 419
 262 1741 355 1895 417
 263 1743 355 1898 417
 264 1751 355 1906 417
 265 1761 354 1916 416
 266 1762 356 1916 418
 267 1768 356 1920 417
 268 1770 356 1921 417
 269 1771 356 1921 417
 270 1772 357 1922 418
 271 1784 348 1930 410
 272 1785 351 1928 412
 273 1795 348 1931 410
 274 1795 348 1927 411
 275 1802 345 1927 408
 276 1805 344 1926 407
 277 1811 342 1926 405
 278 1815 343 1926 405
 279 1826 337 1931 402
 280 1826 339 1928 405
