721 -1 -1 -1 -1 0 233 153 305 223 
 1 230 152 302 219
 2 231 155 303 220
 3 230 155 302 220
 4 231 156 304 220
 5 230 156 303 219
 6 230 157 303 220
 7 229 156 302 219
 8 230 157 303 220
 9 230 156 302 219
 10 232 158 305 221
 11 231 157 303 220
 12 232 157 304 220
 13 233 158 305 221
 14 233 158 305 221
 15 233 158 305 221
 16 233 158 305 221
 17 233 158 305 221
 18 234 159 306 222
 19 233 159 305 222
 20 234 159 306 222
 21 233 160 305 223
 22 235 161 307 224
 23 234 160 306 223
 24 236 160 309 224
 25 235 160 307 224
 26 237 162 310 225
 27 236 161 309 224
 28 237 161 310 225
 29 236 161 309 224
 30 237 162 310 225
 31 237 161 310 225
 32 237 162 310 225
 33 237 163 310 226
 34 237 163 310 226
 35 237 162 310 225
 36 238 163 311 226
 37 238 162 311 225
 38 240 163 313 227
 39 240 163 313 227
 40 240 162 313 226
 41 240 163 313 227
 42 240 162 313 226
 43 239 163 313 227
 44 240 163 313 227
 45 239 163 312 227
 46 241 164 314 228
 47 240 163 313 227
 48 240 164 314 228
 49 239 163 313 227
 50 242 165 316 229
 51 242 165 316 229
 52 241 164 315 228
 53 242 166 316 230
 54 242 164 316 228
 55 243 165 317 229
 56 242 166 316 230
 57 243 166 316 230
 58 243 167 316 231
 59 243 165 317 229
 60 242 165 316 229
 61 243 166 317 230
 62 244 167 318 231
 63 243 167 317 232
 64 244 167 318 231
 65 244 167 318 232
 66 245 166 318 231
 67 245 167 319 232
 68 245 168 319 233
 69 245 167 319 232
 70 246 168 320 233
 71 246 166 319 232
 72 244 168 318 233
 73 246 169 320 234
 74 246 169 320 234
 75 246 169 320 234
 76 247 170 321 235
 77 247 168 320 234
 78 247 169 321 234
 79 248 170 322 235
 80 248 169 322 234
 81 248 171 322 236
 82 248 171 322 236
 83 249 170 323 235
 84 248 171 322 236
 85 248 171 322 236
 86 249 172 324 237
 87 248 169 322 235
 88 248 172 323 237
 89 248 171 323 236
 90 249 172 324 237
 91 250 173 324 238
 92 251 172 325 237
 93 251 171 325 237
 94 252 173 326 238
 95 251 172 325 237
 96 252 173 326 238
 97 251 172 325 238
 98 250 173 324 239
 99 252 174 326 239
 100 252 174 326 239
 101 251 173 325 239
 102 252 174 326 239
 103 252 174 326 239
 104 253 175 327 240
 105 252 175 326 240
 106 255 176 329 241
 107 254 174 329 239
 108 254 176 329 241
 109 255 175 330 240
 110 254 176 329 241
 111 254 177 329 242
 112 253 177 329 242
 113 253 176 329 241
 114 254 178 329 243
 115 252 176 329 241
 116 254 178 330 243
 117 253 178 330 243
 118 255 178 332 243
 119 254 178 331 243
 120 257 178 334 243
 121 256 178 333 243
 122 258 180 334 245
 123 257 179 334 244
 124 258 180 335 245
 125 258 180 335 245
 126 257 179 334 244
 127 256 179 333 244
 128 257 181 333 246
 129 257 180 334 245
 130 257 179 334 245
 131 257 179 334 245
 132 258 180 335 246
 133 258 180 335 246
 134 260 181 337 247
 135 261 181 338 247
 136 260 181 337 246
 137 260 181 337 247
 138 261 181 338 247
 139 261 181 338 247
 140 260 181 337 247
 141 261 181 338 247
 142 260 182 337 248
 143 260 181 337 247
 144 261 183 338 249
 145 261 182 338 248
 146 264 184 341 250
 147 263 183 340 249
 148 263 183 340 249
 149 263 183 340 249
 150 265 185 342 251
 151 263 183 341 249
 152 264 184 342 250
 153 264 184 342 250
 154 264 184 342 250
 155 263 184 341 250
 156 263 186 341 253
 157 263 185 341 251
 158 266 187 344 253
 159 264 185 343 251
 160 265 185 343 251
 161 265 186 343 252
 162 267 187 345 253
 163 267 186 346 252
 164 267 187 346 254
 165 268 187 347 254
 166 267 187 346 253
 167 267 187 346 254
 168 268 187 347 253
 169 267 188 346 255
 170 268 189 347 256
 171 268 188 347 255
 172 268 189 347 256
 173 268 188 347 255
 174 269 189 348 256
 175 269 188 348 255
 176 270 190 349 256
 177 270 189 350 255
 178 270 190 350 256
 179 272 190 351 256
 180 272 190 352 256
 181 272 190 351 256
 182 272 192 351 258
 183 271 191 351 257
 184 271 192 351 259
 185 272 191 352 257
 186 272 194 352 260
 187 271 191 351 257
 188 274 194 354 260
 189 273 192 353 258
 190 275 195 355 261
 191 274 193 355 259
 192 275 194 356 261
 193 276 194 357 261
 194 276 196 357 263
 195 274 194 356 261
 196 276 196 357 262
 197 275 195 357 261
 198 274 196 355 262
 199 276 196 358 262
 200 274 197 356 263
 201 275 198 356 263
 202 278 196 360 262
 203 276 198 358 263
 204 278 200 359 265
 205 278 200 359 264
 206 280 201 361 265
 207 279 202 360 266
 208 279 203 359 266
 209 279 203 359 266
 210 279 203 359 266
 211 280 204 360 267
 212 280 205 360 268
 213 280 203 361 266
 214 281 205 362 268
 215 280 204 361 267
 216 281 205 362 268
 217 282 206 363 269
 218 284 207 366 270
 219 282 207 363 270
 220 284 207 365 270
 221 283 206 364 269
 222 285 207 366 270
 223 284 208 365 271
 224 285 207 366 271
 225 285 207 366 271
 226 285 208 366 272
 227 285 207 366 271
 228 286 209 368 273
 229 285 208 367 272
 230 288 209 371 273
 231 287 210 370 274
 232 287 209 369 274
 233 286 210 368 274
 234 289 211 372 276
 235 288 211 370 276
 236 290 211 373 276
 237 289 211 371 276
 238 290 212 373 277
 239 289 213 372 278
 240 290 213 373 278
 241 291 213 374 278
 242 292 214 376 279
 243 291 215 375 280
 244 292 213 375 279
 245 292 214 375 279
 246 294 214 377 280
 247 293 216 376 281
 248 295 215 378 281
 249 295 216 378 281
 250 296 217 379 282
 251 295 217 378 282
 252 296 217 379 282
 253 296 218 379 283
 254 297 218 381 284
 255 298 219 381 285
 256 297 218 380 284
 257 298 219 381 285
 258 298 219 382 285
 259 298 219 381 285
 260 301 220 385 286
 261 299 220 383 286
 262 301 221 386 287
 263 301 221 385 287
 264 303 222 388 288
 265 302 222 387 288
 266 304 224 389 291
 267 303 223 388 290
 268 303 224 387 291
 269 304 224 388 291
 270 305 225 389 292
 271 303 224 387 291
 272 308 222 394 290
 273 305 224 392 292
 274 307 226 394 294
 275 306 225 392 293
 276 309 226 396 294
 277 307 228 394 295
 278 310 229 397 296
 279 310 229 397 296
 280 310 229 397 296
 281 311 230 398 297
 282 311 230 398 297
 283 311 231 398 298
 284 312 231 399 298
 285 312 232 399 299
 286 314 233 401 299
 287 313 232 401 299
 288 316 234 405 301
 289 315 234 404 301
 290 317 235 405 302
 291 318 235 407 302
 292 318 235 407 302
 293 318 235 407 302
 294 318 235 408 303
 295 320 235 409 303
 296 320 236 409 304
 297 320 236 409 304
 298 320 238 409 306
 299 321 236 409 305
 300 321 238 409 307
 301 321 238 409 307
 302 324 239 411 309
 303 324 238 410 308
 304 324 239 410 308
 305 323 238 409 308
 306 325 239 411 309
 307 324 239 410 309
 308 326 240 412 310
 309 325 240 411 310
 310 327 241 413 311
 311 326 241 413 311
 312 328 242 415 312
 313 328 242 415 312
 314 330 244 417 314
 315 332 245 419 315
 316 331 244 418 314
 317 331 244 418 314
 318 333 245 420 316
 319 333 245 420 315
 320 334 245 420 315
 321 334 246 420 316
 322 335 247 422 317
 323 335 246 422 316
 324 336 248 423 319
 325 337 247 424 318
 326 340 249 428 320
 327 337 249 425 321
 328 339 249 426 321
 329 338 249 425 321
 330 340 250 427 322
 331 339 250 427 322
 332 343 250 430 323
 333 340 250 428 323
 334 342 251 430 324
 335 342 251 430 324
 336 343 250 427 325
 337 345 250 427 326
 338 349 251 429 329
 339 350 251 430 329
 340 349 252 429 330
 341 349 252 430 330
 342 351 253 432 331
 343 351 254 432 333
 344 352 254 434 333
 345 351 255 433 334
 346 352 257 435 337
 347 352 256 436 336
 348 352 258 436 338
 349 353 257 437 338
 350 356 260 441 341
 351 355 260 441 341
 352 355 260 443 341
 353 355 260 444 342
 354 355 261 445 342
 355 356 261 447 342
 356 358 260 449 342
 357 358 260 449 342
 358 361 262 452 345
 359 361 262 453 344
 360 363 261 455 344
 361 364 261 456 345
 362 365 262 457 346
 363 366 262 458 345
 364 366 263 458 346
 365 367 263 458 346
 366 368 264 460 347
 367 367 263 459 347
 368 369 265 461 349
 369 371 265 463 350
 370 373 265 465 350
 371 375 264 466 350
 372 377 265 468 351
 373 377 264 468 351
 374 378 267 470 353
 375 378 267 470 353
 376 378 267 470 353
 377 379 267 471 354
 378 378 267 470 354
 379 379 268 471 354
 380 380 269 472 355
 381 382 268 473 354
 382 383 270 473 355
 383 384 272 474 357
 384 384 272 474 357
 385 385 272 475 357
 386 389 274 479 360
 387 392 273 481 359
 388 392 274 480 360
 389 392 274 479 360
 390 394 276 481 363
 391 395 277 482 363
 392 396 278 483 364
 393 398 279 484 365
 394 400 281 486 367
 395 401 281 486 367
 396 403 283 488 369
 397 405 284 489 371
 398 408 288 492 374
 399 410 288 493 374
 400 410 288 493 374
 401 411 288 494 374
 402 412 291 495 377
 403 411 291 494 376
 404 414 293 497 379
 405 412 291 496 377
 406 414 293 498 379
 407 415 294 500 381
 408 415 296 501 383
 409 415 294 502 382
 410 418 298 507 385
 411 417 298 507 385
 412 418 299 509 386
 413 417 299 508 386
 414 418 302 511 389
 415 417 300 512 387
 416 418 302 514 389
 417 418 303 515 390
 418 419 304 517 391
 419 419 304 517 391
 420 421 305 520 392
 421 421 304 520 392
 422 424 310 524 397
 423 423 309 524 397
 424 423 310 524 398
 425 424 309 525 398
 426 426 312 528 401
 427 425 311 527 401
 428 428 314 530 404
 429 428 313 529 404
 430 429 315 531 405
 431 428 315 531 405
 432 430 317 533 407
 433 427 319 531 409
 434 434 323 539 414
 435 432 324 536 414
 436 434 321 539 412
 437 432 324 537 415
 438 432 324 538 415
 439 433 325 539 416
 440 438 324 546 417
 441 434 326 542 418
 442 437 327 545 419
 443 437 328 545 420
 444 438 330 546 423
 445 439 330 547 423
 446 447 329 556 423
 447 445 329 554 423
 448 443 331 552 425
 449 442 332 552 426
 450 446 336 555 429
 451 444 335 554 428
 452 451 337 561 430
 453 448 336 557 430
 454 454 339 564 432
 455 452 340 561 433
 456 454 341 563 433
 457 456 342 565 434
 458 464 344 574 438
 459 463 342 572 437
 460 464 344 573 439
 461 463 342 572 437
 462 466 344 576 440
 463 465 343 575 439
 464 469 347 580 443
 465 463 350 573 445
 466 471 350 581 446
 467 470 349 581 446
 468 473 351 585 448
 469 472 351 585 447
 470 478 357 591 454
 471 473 360 586 456
 472 475 359 589 455
 473 474 359 588 455
 474 477 362 592 458
 475 476 361 592 457
 476 478 364 595 460
 477 479 365 597 461
 478 481 366 599 463
 479 481 366 600 463
 480 482 369 601 466
 481 484 367 604 465
 482 492 373 612 471
 483 490 373 609 471
 484 490 373 610 471
 485 491 372 610 471
 486 492 376 612 474
 487 491 375 611 473
 488 495 379 615 477
 489 496 380 617 477
 490 498 381 619 479
 491 497 381 618 479
 492 502 383 623 481
 493 501 383 621 482
 494 508 387 630 487
 495 506 384 628 486
 496 505 385 628 487
 497 506 385 629 487
 498 509 387 633 489
 499 507 387 631 490
 500 513 389 638 493
 501 510 389 635 493
 502 517 392 642 496
 503 512 393 636 497
 504 520 397 645 500
 505 517 396 642 500
 506 526 401 653 505
 507 521 402 647 506
 508 525 403 651 508
 509 524 401 649 505
 510 528 404 655 508
 511 526 405 652 510
 512 531 407 658 512
 513 530 408 656 513
 514 536 411 663 515
 515 534 411 660 515
 516 538 415 666 518
 517 538 415 665 518
 518 550 415 676 522
 519 547 419 673 525
 520 547 419 674 525
 521 547 419 674 525
 522 553 422 681 527
 523 550 423 678 528
 524 556 424 686 530
 525 553 425 683 531
 526 560 427 691 534
 527 556 428 686 535
 528 564 430 695 537
 529 561 430 692 538
 530 574 430 704 543
 531 576 430 705 546
 532 577 431 705 548
 533 577 430 705 549
 534 582 434 711 553
 535 581 435 710 555
 536 585 434 714 555
 537 585 437 715 557
 538 587 440 719 561
 539 588 436 720 559
 540 590 441 723 565
 541 592 439 725 564
 542 600 450 736 575
 543 598 445 734 572
 544 598 444 734 572
 545 598 445 734 573
 546 603 450 740 579
 547 603 446 740 575
 548 607 455 745 584
 549 607 448 745 578
 550 610 458 750 589
 551 609 454 749 585
 552 614 461 755 592
 553 612 457 754 588
 554 622 470 766 601
 555 621 463 765 594
 556 622 466 766 598
 557 622 465 767 597
 558 626 471 771 604
 559 625 466 771 598
 560 631 476 778 609
 561 629 470 776 602
 562 634 479 782 612
 563 636 474 783 608
 564 639 480 787 614
 565 639 478 787 612
 566 650 489 797 623
 567 651 485 798 619
 568 651 487 798 621
 569 649 486 796 619
 570 651 493 798 626
 571 655 491 802 624
 572 659 497 807 630
 573 661 493 808 627
 574 664 499 811 632
 575 666 497 812 631
 576 671 503 818 637
 577 673 501 819 637
 578 683 514 831 650
 579 685 512 834 650
 580 684 512 833 652
 581 682 511 831 652
 582 689 518 840 660
 583 688 517 840 659
 584 693 521 847 665
 585 693 520 847 664
 586 698 526 855 672
 587 697 524 855 670
 588 703 531 863 678
 589 702 528 862 676
 590 712 539 874 688
 591 715 538 877 689
 592 714 538 876 689
 593 715 537 877 687
 594 721 544 885 695
 595 721 543 885 694
 596 727 550 893 703
 597 727 546 894 699
 598 732 553 900 707
 599 731 552 898 705
 600 739 560 907 714
 601 737 557 905 712
 602 748 569 917 726
 603 751 567 920 724
 604 751 567 919 725
 605 752 567 919 725
 606 759 576 929 734
 607 758 574 928 731
 608 765 581 937 739
 609 764 580 937 738
 610 771 585 946 745
 611 769 586 944 745
 612 775 592 952 751
 613 775 591 952 750
 614 791 603 968 762
 615 792 604 968 763
 616 792 604 967 763
 617 794 604 969 763
 618 800 611 975 769
 619 799 610 974 768
 620 806 619 981 777
 621 807 620 982 777
 622 815 623 989 781
 623 816 631 991 789
 624 822 634 999 793
 625 820 633 998 792
 626 831 640 1010 800
 627 837 646 1018 809
 628 835 647 1019 809
 629 833 649 1019 810
 630 843 650 1030 815
 631 840 652 1028 818
 632 851 659 1042 826
 633 848 662 1038 829
 634 858 666 1050 833
 635 859 667 1051 835
 636 867 674 1059 843
 637 868 675 1061 846
 638 882 685 1075 857
 639 887 686 1080 861
 640 883 686 1077 863
 641 885 684 1080 863
 642 891 686 1086 865
 643 894 689 1089 869
 644 897 686 1092 865
 645 899 688 1093 866
 646 907 694 1101 868
 647 910 697 1102 870
 648 917 704 1110 875
 649 919 705 1111 876
 650 930 713 1119 877
 651 935 715 1124 875
 652 938 714 1124 872
 653 931 719 1115 874
 654 940 721 1122 871
 655 946 722 1125 866
 656 950 733 1126 872
 657 956 733 1130 870
 658 962 742 1134 877
 659 969 742 1140 876
 660 974 750 1143 883
 661 982 748 1149 880
 662 997 757 1163 883
 663 1001 762 1168 882
 664 1003 763 1167 883
 665 1001 764 1165 880
 666 1006 769 1169 881
 667 1007 772 1170 880
 668 1013 779 1175 882
 669 1017 782 1178 881
 670 1026 787 1185 881
 671 1027 789 1185 879
 672 1037 794 1192 880
 673 1039 795 1191 877
 674 1063 812 1215 887
 675 1067 814 1216 884
 676 1070 815 1217 881
 677 1072 816 1215 881
 678 1078 822 1221 883
 679 1081 823 1221 882
 680 1084 833 1226 885
 681 1087 834 1228 882
 682 1100 834 1240 880
 683 1101 834 1241 880
 684 1163 836 1300 881
 685 1184 835 1319 879
 686 1199 837 1333 880
 687 1200 838 1334 879
 688 1202 839 1336 879
 689 1203 840 1336 879
 690 1203 840 1336 879
 691 1203 839 1335 877
 692 1204 839 1335 877
 693 1204 839 1334 877
 694 1204 840 1334 878
 695 1206 839 1335 877
 696 1206 839 1334 877
 697 1207 840 1335 877
 698 1209 840 1337 877
 699 1211 840 1338 877
 700 1202 840 1328 878
 701 1203 839 1329 877
 702 1205 839 1330 877
 703 1206 839 1331 877
 704 1207 839 1332 877
 705 1207 839 1332 877
 706 1208 839 1333 877
 707 1209 839 1334 877
 708 1210 840 1335 877
 709 1212 841 1337 878
 710 1204 839 1329 877
 711 1205 839 1329 877
 712 1206 839 1330 877
 713 1208 839 1332 877
 714 1209 839 1333 877
 715 1211 839 1336 877
 716 1202 839 1326 877
 717 1203 839 1327 877
 718 1203 839 1327 877
 719 1204 839 1328 877
 720 1205 839 1329 877
